sample size:  1000
lr:  0.001
n_epochs:  100
batch_size:  25
=============== Start training: ===============
Accuracy: 49.0
losses:  [0.6998935747000025, 0.6990808034898849, 0.6990208701946315, 0.6990149063381119, 0.6990142894441932, 0.6990142253692675, 0.6990142187111308, 0.6990142180192416, 0.6990142179473428, 0.6990142179398708, 0.6990142179390945, 0.6990142179390134, 0.6990142179390054, 0.6990142179390049, 0.6990142179390049, 0.699014217939005, 0.699014217939005, 0.699014217939005, 0.699014217939005, 0.699014217939005, 0.699014217939005, 0.699014217939005, 0.699014217939005, 0.699014217939005, 0.699014217939005, 0.699014217939005, 0.699014217939005, 0.699014217939005, 0.699014217939005, 0.699014217939005, 0.699014217939005, 0.699014217939005, 0.699014217939005, 0.699014217939005, 0.699014217939005, 0.699014217939005, 0.699014217939005, 0.699014217939005, 0.699014217939005, 0.699014217939005, 0.699014217939005, 0.699014217939005, 0.699014217939005, 0.699014217939005, 0.699014217939005, 0.699014217939005, 0.699014217939005, 0.699014217939005, 0.6990142179390049, 0.699014217939005, 0.699014217939005, 0.699014217939005, 0.699014217939005, 0.699014217939005, 0.699014217939005, 0.6990142179390049, 0.699014217939005, 0.699014217939005, 0.699014217939005, 0.699014217939005, 0.699014217939005, 0.699014217939005, 0.6990142179390049, 0.699014217939005, 0.699014217939005, 0.699014217939005, 0.699014217939005, 0.699014217939005, 0.699014217939005, 0.6990142179390049, 0.699014217939005, 0.699014217939005, 0.6990142179390049, 0.699014217939005, 0.699014217939005, 0.6990142179390049, 0.699014217939005, 0.6990142179390049, 0.699014217939005, 0.699014217939005, 0.699014217939005, 0.6990142179390051, 0.6990142179390049, 0.699014217939005, 0.6990142179390048, 0.699014217939005, 0.699014217939005, 0.699014217939005, 0.699014217939005, 0.699014217939005, 0.699014217939005, 0.699014217939005, 0.6990142179390049, 0.699014217939005, 0.699014217939005, 0.699014217939005, 0.699014217939005, 0.699014217939005, 0.699014217939005, 0.6990142179390051]
0.5069783709014444  1.0
0.5089178258146501  1.0
0.43830058318097637  0.0
0.5115124255165733  1.0
0.5113301097382509  1.0
0.5088858279546433  0.0
0.5089385923749761  0.0
0.5067427531180277  1.0
0.512015779064518  1.0
0.5062102192968335  0.0
0.5123050836782935  1.0
0.5093855625887285  1.0
0.5092367507623178  1.0
0.20140288650533753  1.0
0.5090455395102934  0.0
0.5091884084799695  0.0
0.5064588307160277  0.0
0.5106868541765573  1.0
0.5057355655019387  1.0
0.5089565144412089  0.0
0.5090411079105335  1.0
0.5089332260176359  1.0
0.5054411411070874  1.0
0.4411757917882775  1.0
0.5116458859066166  1.0
0.48156556436861725  0.0
0.5087104194969007  1.0
0.5120471776905282  0.0
0.5061778797810728  0.0
0.509156770082087  0.0
0.5090679153014527  1.0
0.5088287799333044  0.0
0.5087600489162977  0.0
0.50634013961866  0.0
0.5087587491363075  0.0
0.5091473351671204  0.0
0.5114540105613102  1.0
0.5069473540965931  0.0
0.3960470280587681  0.0
0.5111087903914007  1.0
0.5110629431627527  1.0
0.5114031366464082  1.0
0.5062012054430285  0.0
0.5083790522837954  0.0
0.4493568864287884  1.0
0.5091173424737846  0.0
0.5113593912235923  1.0
0.5057278374635006  1.0
0.510440679895137  0.0
0.2956681361052595  1.0
0.5066864174857864  1.0
0.5113084871257374  0.0
0.5114314662994656  1.0
0.5091983593475422  0.0
0.511199214696251  1.0
0.5109245309380259  0.0
0.5058661622379891  1.0
0.5093287978093581  1.0
0.5087610980319358  1.0
0.39383947851299095  1.0
0.508871810174189  0.0
0.5063454502717247  0.0
0.509327689057283  0.0
0.5121401837218338  1.0
0.426281195783799  1.0
0.5091133537124918  0.0
0.5092537799107095  1.0
0.5092120006172746  0.0
0.5090701936785716  1.0
0.5089386825892572  1.0
0.5084544068462413  0.0
0.5088525562123679  0.0
0.5088292964027245  1.0
0.39807184786298  1.0
0.5107681010346485  1.0
0.5090449728325673  1.0
0.5052996951326401  0.0
0.5111275390283229  0.0
0.5067048196171458  0.0
0.5057585234509944  0.0
0.5091118844232144  0.0
0.5088651136051219  0.0
0.5115086965036154  0.0
0.5091015801876309  1.0
0.5090067244192554  1.0
0.5121398406030105  1.0
0.5120403193910066  0.0
0.5090652106459194  1.0
0.5112411930360538  0.0
0.5112910857253873  0.0
0.42554635028375126  1.0
0.5120389033235051  0.0
0.5059979219474368  1.0
0.5119299412972952  1.0
0.3977663906399864  1.0
0.4863969162661969  0.0
0.5112300122972872  0.0
0.5091448313472146  1.0
0.507007376875045  0.0
0.508950782786444  0.0
0.5112975730240739  1.0
0.5090690938689266  0.0
0.5092050402936004  0.0
0.4166158289543841  1.0
0.47916799504747704  1.0
0.5064343108941621  0.0
0.5066778353601176  1.0
0.47932431865238173  1.0
0.5097787919523951  1.0
0.5093883132607019  1.0
0.5111000771444896  0.0
0.5111889087096382  0.0
0.508937935463518  0.0
0.5053429423059781  0.0
0.5090980612714741  1.0
0.5092885282975071  0.0
0.5094334296572186  0.0
0.5085543564192022  1.0
0.5069345623777626  1.0
0.5091457904100902  0.0
0.5112141852506625  1.0
0.5121695962120562  1.0
0.5111584418103865  0.0
0.5113572750940594  1.0
0.5087461178170691  0.0
0.3969819601174839  1.0
0.5115871936665933  1.0
0.4100526768163147  0.0
0.5112776599830039  0.0
0.5092113056670381  1.0
0.5087676602169047  0.0
0.5092239254296373  1.0
0.509032934594879  1.0
0.505644929170434  0.0
0.5112407935046546  0.0
0.5116048303041695  1.0
0.5052092944757366  1.0
0.5107766345927424  1.0
0.5085727973304217  1.0
0.5065995395198671  1.0
0.5091160540132723  0.0
0.5106903271334321  1.0
0.5120570169177013  1.0
0.4811411151857282  1.0
0.5112747829687835  1.0
0.5066743524800134  0.0
0.5119510063892312  1.0
0.5104978049148131  0.0
0.5090538890016072  1.0
0.5096104269330802  0.0
0.5090559345825487  0.0
0.5120304780900901  0.0
0.5092087740888962  1.0
0.5062295469044642  1.0
0.5058419524391522  0.0
0.5087079657160859  0.0
0.4349270163392897  0.0
0.5100837290085626  0.0
0.5090041405983526  0.0
0.42604510998087897  0.0
0.5088918609575789  1.0
0.5110920764917324  0.0
0.507132180312642  0.0
0.5085562822706263  0.0
0.5114268817634506  1.0
0.5096039067705004  1.0
0.5049342113044598  0.0
0.5074423288966278  0.0
0.5110942922184848  0.0
0.5119970508146896  1.0
0.5091235096794019  1.0
0.39547019885731155  0.0
0.5089776369441011  1.0
0.5090394535784226  0.0
0.5090011946063233  0.0
0.509108107585686  1.0
0.5119327143817722  1.0
0.5092483708611281  0.0
0.5111557213635078  1.0
0.5106542769439201  0.0
0.5103754838384229  1.0
0.5089139775554204  1.0
0.5116623498893024  1.0
0.5068019890118384  0.0
0.5064465156271275  0.0
0.5102475702419628  0.0
0.5086834147325712  0.0
0.5120393258925817  0.0
0.5094105794624145  1.0
0.5064739175331907  1.0
0.5113161014754087  1.0
0.5088179843362218  0.0
0.5105727260709049  1.0
0.5114521317785039  0.0
0.5113479574920206  1.0
0.5112815264481583  0.0
0.5060874409668892  0.0
0.506633274426296  1.0
0.4287660387807749  1.0
0.5114910345506741  0.0
0.5116745004706283  1.0
0.5064447478018693  0.0
0.5118690093951248  1.0
0.5061111091343863  0.0
0.5058620137012784  0.0
0.5089168406605976  1.0
0.5116904230572331  1.0
0.505940603363048  1.0
0.5110422101486477  0.0
0.509102003687197  1.0
0.5120878170956905  0.0
0.5111641962883582  0.0
0.5054712779103193  0.0
0.5094304375690218  1.0
0.506101755796894  0.0
0.414571557727513  0.0
0.5120417750882283  1.0
0.5092515199598274  0.0
0.5074028015662516  0.0
0.3926722135888423  1.0
0.5106279068807326  0.0
0.5088872185202011  0.0
0.5091197067194604  0.0
0.5091575256002493  1.0
0.5090515962415328  0.0
0.5053208999287016  1.0
0.5103760295886408  0.0
0.5055125217223265  1.0
0.5091273808631696  1.0
0.5090640769450333  1.0
0.5052038391007335  0.0
0.5091262349672666  1.0
0.5116122466497999  1.0
0.5116394451437306  1.0
0.5085968466013224  1.0
0.5111915293170898  1.0
0.5090936457205052  1.0
0.5068709976666258  0.0
0.5053635206980678  0.0
0.5112585620570615  0.0
0.5070595179730278  1.0
0.47428283223873124  0.0
0.5137616771085349  1.0
0.5088890237745622  0.0
0.5093209048130027  0.0
0.5108402762245605  1.0
0.5090312593757705  1.0
0.39781615563993183  0.0
0.5120344415197761  0.0
0.511300865676101  1.0
0.5090886352393853  1.0
0.5088210864975861  0.0
0.5060896028384921  1.0
0.509034695780647  1.0
0.5116640606711051  1.0
0.39724441759254525  1.0
0.4231650337943721  1.0
0.5090670776215395  0.0
0.5090656089758369  1.0
0.5056584858858942  0.0
0.39327107590143007  0.0
0.5090737736922732  0.0
0.5094134708096414  1.0
0.39587404222097233  0.0
0.3945524129460659  1.0
0.5093319924544981  1.0
0.5116509634989975  1.0
0.5053783029516224  0.0
0.5093649022384321  0.0
0.5138970888983156  1.0
0.5093522848806614  1.0
0.5090374877941904  0.0
0.5103295140769437  1.0
0.5089216790669651  0.0
0.5114574473438851  0.0
0.5093367864906754  0.0
0.4095732033376662  0.0
0.5090575264888741  0.0
0.5092488636691175  0.0
0.5115825452432741  1.0
0.5111893867062731  1.0
0.5106314722853131  1.0
0.5066423370509944  1.0
0.5089567773954718  1.0
0.510503462695884  0.0
0.4817828913820002  0.0
0.5059254773068209  0.0
0.4925760951633785  0.0
0.5116088825671349  1.0
0.5112580117820608  0.0
0.48068822252902016  1.0
0.5093978775584246  1.0
0.5115758880723895  1.0
0.5058039093067216  0.0
0.5105638233536491  0.0
0.508918702019045  0.0
0.5092287010233295  1.0
0.509252597411186  0.0
0.3988990259122532  1.0
0.5090847898478509  0.0
0.4786552351468871  0.0
0.5090662152065996  1.0
0.3989105501863181  1.0
0.5055956379344702  0.0
0.5106185586785607  0.0
0.5062524503906345  1.0
0.5060985241539698  1.0
0.4007202711563814  1.0
0.5089773424472349  0.0
0.39479903776921604  0.0
0.5080361614709048  1.0
0.5089796958443445  1.0
0.478247513507371  1.0
0.5050400329474476  0.0
0.5051972674365452  0.0
0.48194067269077745  1.0
0.5105704518479796  1.0
0.508874058336092  1.0
0.5086824743761962  0.0
0.5091091309083363  0.0
0.5071773625937451  1.0
0.5093402995860015  1.0
0.507170420246014  0.0
0.5066351460784589  1.0
0.5083159091879079  1.0
0.5091137844760717  1.0
0.5118032442571769  1.0
0.5058742373914473  0.0
0.5111270183122895  0.0
0.5120427920290808  1.0
0.5092946893519842  0.0
0.509057650211982  1.0
0.5089182007021941  1.0
0.509082453107804  0.0
0.509293034160939  0.0
0.5092043341289823  0.0
0.5089906658119283  0.0
0.5094319375718928  1.0
0.5091931266838492  1.0
0.5088900223949059  0.0
0.5091514524952423  0.0
0.5063987876257521  1.0
0.5092888400555567  0.0
0.5078761114846063  1.0
0.506404267433922  1.0
0.511273543134514  0.0
0.5066011615260282  0.0
0.5066453924982437  0.0
0.5092633145846236  0.0
0.5092571475699367  0.0
0.5090476112375749  0.0
0.5091208417133745  1.0
0.511412374569495  1.0
0.3975598264119313  0.0
0.5084199474865382  1.0
0.4828720267061541  1.0
0.5091407433846357  1.0
0.5084156556503608  0.0
0.5062114232040577  1.0
0.5121300313222688  1.0
0.5090684233792012  0.0
0.5058248728512169  0.0
0.5088684108495418  0.0
0.5069322782034739  0.0
0.5090120194652835  1.0
0.5093676368766148  0.0
0.4811859554749269  1.0
0.5090927323624415  0.0
0.5059015118978243  0.0
0.5089555043366686  0.0
0.5091308466850963  1.0
0.505454733342188  0.0
0.5092042367761712  1.0
0.5119070229695258  1.0
0.5030485724206383  0.0
0.5059902337765928  1.0
0.5093327781984737  0.0
0.5089553028352298  0.0
0.511911609563741  1.0
0.5061896904157269  1.0
0.5113368655214959  0.0
0.5090652811379424  1.0
0.5091403281171605  1.0
0.5110624259080436  0.0
0.5091576415107077  0.0
0.5053888642000337  0.0
0.478003141295931  1.0
0.5095796267991851  0.0
0.511302623407009  0.0
0.5077986292680441  1.0
0.5110810684308201  0.0
0.5093259444844356  1.0
0.507955888874853  0.0
0.5073045050694234  1.0
0.5091519814254766  0.0
0.5053239317009315  1.0
0.51134658553641  0.0
0.5065659620877906  0.0
0.5066688032009707  0.0
0.5110673532277837  0.0
0.510829559145917  1.0
0.5052319186358631  0.0
0.5105800163864516  0.0
0.5085222346775538  0.0
0.5087051091724628  1.0
0.5091161896650171  1.0
0.5064823195233797  0.0
0.5093893012100176  0.0
0.5089700036268548  1.0
0.5091351263223196  1.0
0.5092303673333075  0.0
0.5061424017088982  0.0
0.5117496239898174  1.0
0.5113237572172799  1.0
0.5067356799464992  0.0
0.510703667090214  0.0
0.5059157127900107  0.0
0.5062798640007933  0.0
0.5087150766696602  0.0
0.5090290491063919  0.0
0.5093358358111227  0.0
0.5113722978647963  0.0
0.5068257449449242  1.0
0.5063112745866274  1.0
0.5090280081228333  1.0
0.511304693157045  1.0
0.511437490749251  1.0
0.5064013344775776  1.0
0.39627305849277167  1.0
0.511152681052646  1.0
0.5088604103796573  0.0
0.5073070321784636  1.0
0.4787007272195084  0.0
0.5119185972955878  1.0
0.5092304844966706  0.0
0.5066452420660977  1.0
0.5089790957073841  0.0
0.5090099287543007  0.0
0.4285236465257459  0.0
0.5111266459508701  0.0
0.5094276203878466  1.0
0.5089799625043987  1.0
0.3960781251114303  1.0
0.5089799813059641  0.0
0.5065985139736991  1.0
0.5111069859533135  0.0
0.5113127000943534  1.0
0.5074396737006629  0.0
0.5058989738953004  1.0
0.5086214187770932  0.0
0.5074771308170829  1.0
0.5120334438799539  1.0
0.5120454407533507  1.0
0.5055532741136398  0.0
0.5060607264359731  1.0
0.5112831526395092  1.0
0.5089282670701467  1.0
0.5088855137341874  1.0
0.5065743848483916  0.0
0.5058998715545516  0.0
0.5092437119236207  0.0
0.5092234903856747  0.0
0.5120341054856954  1.0
0.5075676329619349  0.0
0.5112666382965195  0.0
0.5089619522508416  0.0
0.5120189777722287  0.0
0.5087950657719362  0.0
0.4892683503319469  1.0
0.4234533840619535  0.0
0.5090370166198815  0.0
0.5111516008628597  1.0
0.508609799321332  0.0
0.5120436568265008  0.0
0.5090391703173849  1.0
0.5091828171772589  0.0
0.51124444969363  1.0
0.5112431795897521  0.0
0.5059517810042845  1.0
0.5088490424320584  0.0
0.510228469422691  1.0
0.5068729369233571  1.0
0.5066451870193465  0.0
0.5069736454969853  1.0
0.3910335135001583  0.0
0.3941709663578095  0.0
0.5090780737337275  1.0
0.5112543667748007  0.0
0.44749279921523255  0.0
0.5089508745234759  1.0
0.5112603200379818  0.0
0.5081734891376507  0.0
0.505767918929705  0.0
0.4012406742086308  1.0
0.509282402070798  1.0
0.5051475814511385  0.0
0.5065434816589758  0.0
0.5091004934323374  1.0
0.509190942276716  0.0
0.5090420109053042  0.0
0.5072054891664581  0.0
0.5091521251195869  1.0
0.503491864331692  1.0
0.47318337576855374  0.0
0.5085991428522192  0.0
0.4820977369574399  0.0
0.5057877685503143  1.0
0.5092190824377445  0.0
0.5069180590720298  0.0
0.5066425572272317  0.0
0.5114038524290428  0.0
0.39871521283658246  1.0
0.5093229305489912  1.0
0.5112729938172577  1.0
0.5091539113432959  0.0
0.5109527659359728  1.0
0.5089741604106014  1.0
0.5091776926470843  1.0
0.5054858680421928  0.0
0.5063054289452122  0.0
0.3971126940012736  1.0
0.5116614258905233  1.0
0.5089242483527647  1.0
0.5062102128813294  1.0
0.5110027356447304  1.0
0.5092028019046372  1.0
0.5058943001983596  1.0
0.5072176709912062  0.0
0.4500063315297776  1.0
0.5108956210890125  0.0
0.5064201189199933  1.0
0.5107656948833968  1.0
0.5114678193919839  1.0
0.506395094388572  0.0
0.5112517850532949  0.0
0.5093057261966264  1.0
0.5113433301066039  1.0
0.505619577868927  0.0
0.511352862626567  1.0
0.5120403450860638  0.0
0.5112714856621624  0.0
0.5121300627661207  1.0
0.5091507658423013  1.0
0.5110861436463404  0.0
0.39863054285524924  1.0
0.5070461510809041  1.0
0.5074242331799926  1.0
0.5054852764642193  1.0
0.42204447503290016  0.0
0.5114532005476856  1.0
0.5056257018402214  0.0
0.5113361258324999  1.0
0.39740574732922695  1.0
0.5092016048220589  0.0
0.5047236767555145  0.0
0.5061035012855816  1.0
0.5102956868500212  1.0
0.5058043527488855  0.0
0.5086300253084065  0.0
0.5112110298305839  0.0
0.5054520703487732  0.0
0.5033270285354733  0.0
0.5061487240635705  0.0
0.5091681623249216  1.0
0.509006132343166  0.0
0.5060896809943374  0.0
0.5055321787876621  1.0
0.5091928056126516  0.0
0.5088226996618102  0.0
0.4777594664919188  1.0
0.5089477717597237  0.0
0.5064778143243469  1.0
0.5110993016186509  0.0
0.5089310712947326  0.0
0.5108644039749788  0.0
0.511127516584143  1.0
0.5116299078207518  1.0
0.5102918434040087  0.0
0.5090890896392599  0.0
0.5061767187503441  0.0
0.5047218821026211  1.0
0.5053744970346771  0.0
0.5062888217353928  1.0
0.5059067371720709  1.0
0.4545550955415116  1.0
0.5113909174409615  0.0
0.5091818510358668  1.0
0.41601855180323505  0.0
0.5114906179682989  1.0
0.4279194437779651  0.0
0.5088707211789761  0.0
0.5093647358132457  1.0
0.5113100916171236  1.0
0.5067701967847674  0.0
0.5112029296952562  1.0
0.5064365241315096  0.0
0.5090692905902912  1.0
0.5046371151601289  0.0
0.3974122532998889  1.0
0.509018746399931  0.0
0.5113412009351864  0.0
0.5119092653853706  0.0
0.5090176903166824  1.0
0.47702471121046314  1.0
0.5075484967949839  0.0
0.511241807372901  0.0
0.509084614314191  1.0
0.455522015640191  1.0
0.505903513117925  0.0
0.5089156145208417  0.0
0.5086856480060533  1.0
0.5091099057008825  1.0
0.5091576883127702  1.0
0.5089761052456097  0.0
0.5088274461979103  0.0
0.507443509611233  0.0
0.5120311094667069  0.0
0.5092959973385992  0.0
0.5112345127711659  1.0
0.5091368050234487  0.0
0.5120281622192764  0.0
0.39561824765584935  0.0
0.4007665198280421  1.0
0.5120140127023635  0.0
0.5055363465756387  0.0
0.5057082455308347  1.0
0.5112516210116079  0.0
0.5092548125346126  0.0
0.5087008174435451  1.0
0.5088409925592027  0.0
0.5114508710578636  1.0
0.5088141206144196  0.0
0.508979473233309  0.0
0.5116472311973579  0.0
0.5049778380910988  0.0
0.5105562911906372  1.0
0.5090599539593648  1.0
0.5092005204674775  1.0
0.4558523794328422  1.0
0.5058499622936234  0.0
0.50886110412467  1.0
0.47906487827737254  0.0
0.5111954750099376  0.0
0.5091815745031592  1.0
0.5113226135734281  1.0
0.5113638873090899  0.0
0.509116440878057  1.0
0.5090044928225189  1.0
0.50710429292224  1.0
0.5090027354828597  0.0
0.5089167089235945  0.0
0.38999257766086887  0.0
0.5067676436451523  1.0
0.5113282304670512  1.0
0.5061807186773379  1.0
0.5065004544772983  1.0
0.41383405899229214  0.0
0.5114213109969974  1.0
0.5062348053580349  1.0
0.5091473533491171  1.0
0.45030418340773387  1.0
0.5067274149517157  1.0
0.5087974782323291  0.0
0.39595122509984754  1.0
0.5112420134305865  1.0
0.49421681218434943  0.0
0.4319429355384205  1.0
0.395563579080897  0.0
0.5064096808031544  1.0
0.4342959796829954  1.0
0.5116174544677026  1.0
0.508979910795046  1.0
0.4517565640971607  1.0
0.5088759584403677  0.0
0.39780689950773757  0.0
0.5119888113458445  1.0
0.5053708225127981  1.0
0.4504909037803432  0.0
0.5090021491698496  1.0
0.4301227560903797  0.0
0.5114416395913652  0.0
0.5112075804064852  1.0
0.5075461949179034  1.0
0.5093880278519918  0.0
0.5105765472485758  0.0
0.4423612201093224  1.0
0.5080686910819908  1.0
0.508999186484953  0.0
0.5116681874011695  1.0
0.5086249825781533  0.0
0.4006826582688944  1.0
0.39965391992049415  1.0
0.5108384385895595  0.0
0.41613445812393907  0.0
0.4801153354928073  1.0
0.5091546067854887  1.0
0.5070540301284453  0.0
0.5091432374586379  1.0
0.5090333384483482  0.0
0.49712062093869164  0.0
0.5061795299862971  1.0
0.5089432614501629  0.0
0.5110874937271743  1.0
0.5109204760377709  0.0
0.3988406418851545  0.0
0.506935096062001  1.0
0.3972554924239526  0.0
0.5064584199440963  0.0
0.5088831414991691  0.0
0.5089436751946571  0.0
0.5043052323132939  1.0
0.5112277747770333  0.0
0.5045579969732831  1.0
0.5092287813872789  1.0
0.39963245790155055  0.0
0.5121346794162114  1.0
0.5111381426834276  0.0
0.5112676865628452  1.0
0.5117966987768707  0.0
0.5084673727118166  1.0
0.5064585697954745  0.0
0.5120073265155725  0.0
0.508000910066162  1.0
0.5056084463019034  1.0
0.5055531250946397  1.0
0.5064503462887918  1.0
0.5083419900899708  1.0
0.5069581856777093  1.0
0.5055505344444511  1.0
0.5090368108866892  1.0
0.5089558662410579  0.0
0.5051104408994952  1.0
0.512032457806582  0.0
0.5090792387044479  1.0
0.5088199479160148  0.0
0.508912300305197  0.0
0.5112028947092669  1.0
0.5076607473414282  0.0
0.5090840021230224  1.0
0.39814308366025447  1.0
0.5064416483330073  0.0
0.50499271092353  0.0
0.5061980417123655  0.0
0.5090706068780305  0.0
0.5121344211271474  1.0
0.5090345813827536  1.0
0.39996575269588264  0.0
0.5069103585770779  1.0
0.43731184119253497  1.0
0.5055530935075985  1.0
0.4732261404819818  1.0
0.5088954450881528  1.0
0.5115609893265654  1.0
0.5075319035231235  1.0
0.5072501300186507  1.0
0.5069738274829234  1.0
0.41947020067296314  1.0
0.5110963643006647  0.0
0.511366206949223  0.0
0.510627359122584  1.0
0.5091473222556218  0.0
0.5113732970536811  0.0
0.5092176712350832  1.0
0.5061095409552349  1.0
0.5065761174748964  1.0
0.5112221728277856  0.0
0.509343185433311  1.0
0.5092890867107415  1.0
0.5116809380810703  1.0
0.4459708316270232  1.0
0.5066804946357054  1.0
0.5084010426036841  1.0
0.43881381582179274  0.0
0.511368762234459  0.0
0.5107326067872182  0.0
0.5112342275542135  1.0
0.5111951811408387  1.0
0.5107907641549841  0.0
0.5052972655184007  0.0
0.5061108716301882  0.0
0.5036184118648082  1.0
0.5063132679815209  1.0
0.39888137195214346  1.0
0.508893449795161  1.0
0.5090728442807171  1.0
0.5111264779990217  1.0
0.5076654305519787  1.0
0.5092149931713498  0.0
0.509236213274772  0.0
0.5114243635590169  0.0
0.5090241299563841  0.0
0.5090660766038345  0.0
0.5055451396751757  0.0
0.5111126427562879  1.0
0.5088668063698369  0.0
0.5112501410899435  0.0
0.5047312464716727  1.0
0.5093904241766277  1.0
0.5051019330746771  0.0
0.5088428033988507  1.0
0.508820145657171  0.0
0.5090758073775901  0.0
0.510221816239237  1.0
0.5050397706546222  1.0
0.5086769345594654  1.0
0.4242380753294042  0.0
0.5113608117131306  1.0
0.44612109900239094  1.0
0.42247028858367436  0.0
0.5110760222708095  1.0
0.5090304877702607  0.0
0.44853449960733777  0.0
0.5065427552653852  0.0
0.5090509737269306  0.0
0.5091126522651979  0.0
0.5091567288355888  0.0
0.5092916406708424  0.0
0.39427014658850457  1.0
0.5107829903318364  1.0
0.5093393603793761  1.0
0.5116043714956348  1.0
0.5120025170316733  0.0
0.5058306336566865  1.0
0.5105396072625448  0.0
0.511788686007629  0.0
0.5070039561760712  0.0
0.5102996244249555  0.0
0.39637891263528624  1.0
0.5094267146609788  0.0
0.5057854832974786  1.0
0.5061527813851842  0.0
0.5112013009634118  1.0
0.5083513140783031  1.0
0.5141742914567857  0.0
0.5090167279834871  0.0
0.5089852190178056  1.0
0.5089151930893624  0.0
0.5085419139248898  0.0
0.40112970810088994  1.0
0.4822639763437573  1.0
0.5107019209850484  1.0
0.5108135936962289  0.0
0.4292676263016603  1.0
0.5091809165850196  0.0
0.5082400201714623  1.0
0.5094222201683426  1.0
0.5055116403733837  1.0
0.5056440233377424  1.0
0.5062518653995205  0.0
0.5114001360417316  1.0
0.5060141848834271  1.0
0.5061663887496235  0.0
0.5112004290787133  1.0
0.5070187939352412  1.0
0.5089347861213809  0.0
0.5112171954107547  0.0
0.5078720781436072  1.0
0.5080121454135615  1.0
0.5112029360031386  0.0
0.3965608823416224  1.0
0.5058439096453189  1.0
0.504051061883532  0.0
0.479581882889544  0.0
0.5059694181542769  1.0
0.5091099881355461  0.0
0.3948313476855422  0.0
0.5076930231401338  1.0
0.5113756125387876  1.0
0.5090938254347916  1.0
0.5115172574873632  1.0
0.5093202199863563  1.0
0.5087710217028846  0.0
0.5082218402018589  0.0
0.5089694428075211  0.0
0.4328412900919378  1.0
0.5112996819449804  1.0
0.5062528728091915  0.0
0.5080416914447805  1.0
0.5058495942129458  1.0
0.509172113744985  0.0
0.5112505807700399  1.0
0.5088727904811939  0.0
0.5090345755043166  1.0
0.5112554921814665  0.0
0.5058648370098006  1.0
0.5088957285056348  1.0
0.5113623625826856  0.0
0.5089544705104394  1.0
0.5089522487039791  1.0
0.5094151599010848  1.0
0.5065705380027943  0.0
0.43256558119654814  0.0
0.5092240416922239  1.0
0.5090687455782217  1.0
0.511061119415138  1.0
0.5065046864177826  1.0
0.5089061985185687  1.0
0.5092720879868526  1.0
0.5093291891820187  1.0
0.5091716909416717  0.0
0.29381498534833117  1.0
0.5112379922081388  0.0
0.5089309106988816  0.0
0.5058469902938472  0.0
0.5092216042173882  1.0
0.5114891459301457  0.0
0.40139589523222163  1.0
0.5088691002844798  0.0
0.5087724806987014  0.0
0.507132580079209  0.0
0.5115732666688249  1.0
0.5107336032573319  0.0
0.5111417354307344  0.0
0.5086435418114796  0.0
0.5113204699480111  1.0
0.5116027273434262  1.0
0.5088046432263958  0.0
0.5090479526043767  0.0
0.5092373280166937  1.0
0.5089722939163073  0.0
0.5050564293137607  0.0
0.4285476879384533  1.0
0.5089778702159794  1.0
0.5092081675914728  1.0
0.5116195092330073  1.0
0.5112550540963492  1.0
0.5094088697380884  1.0
0.5065051874610405  0.0
0.5088489453008971  0.0
0.5055104886068115  0.0
0.39259640271420715  1.0
0.4238723797952324  1.0
0.5112664854420593  1.0
0.5115771668288606  1.0
0.5092433019349504  1.0
0.50923014805377  1.0
0.5093266404990668  0.0
0.5092607977120697  0.0
0.5088844954320064  0.0
0.3999751820311845  1.0
0.511649888440943  1.0
0.5089973210503282  1.0
0.5061505282221742  0.0
0.511940233354828  1.0
0.5089809850450953  1.0
0.5090722824140911  0.0
0.5065701474790498  1.0
0.5090908556045252  1.0
0.5111260266633094  1.0
0.510399055227615  0.0
0.5058313103185661  1.0
0.508976988887129  1.0
0.5095318563337382  0.0
0.5089817362039056  0.0
0.5090621469239  0.0
0.512054189544944  1.0
0.5087883848761572  0.0
0.5062573118076876  0.0
0.4274578295776535  0.0
0.5088783163266604  0.0
0.39669273790039705  1.0
0.5119955478579516  1.0
0.5053843678938539  0.0
0.5121401128268773  1.0
0.5090814077245566  0.0
0.5063623743182771  1.0
0.5093929737980422  0.0
0.5110617320976475  0.0
0.5057034467799383  1.0
0.5090937874913033  1.0
0.5107441422885266  0.0
0.510866531925158  1.0
0.5064838313105273  1.0
0.5091739374948652  1.0
0.5113637118263726  0.0
0.5092955949039315  0.0
0.42687069430091573  0.0
0.5088703445349454  0.0
0.5093469480221803  0.0
0.5062033888956488  0.0
0.40162899580580275  1.0
0.5116245785156721  1.0
0.5089250041591944  0.0
0.5115233072280808  1.0
0.5089823471521143  1.0
0.5120493026144214  1.0
0.5055294011927456  0.0
0.5054441340357176  1.0
0.5090821143184062  0.0
0.5112863896283285  0.0
0.5088803650733812  1.0
0.39668455451724455  0.0
0.5092848710879092  1.0
0.5064197627700683  0.0
0.3966012842230909  0.0
0.5090917879171089  1.0
0.5120438983385389  0.0
0.5090656186595511  0.0
0.5053737977303531  0.0
0.509  1.0
