sample size:  100
lr:  0.0001
n_epochs:  100
batch_size:  25
=============== Start training: ===============
Accuracy: 52.0
losses:  [0.845982718204216, 0.845982718204216, 0.845982718204216, 0.845982718204216, 0.845982718204216, 0.845982718204216, 0.845982718204216, 0.845982718204216, 0.845982718204216, 0.845982718204216, 0.845982718204216, 0.845982718204216, 0.845982718204216, 0.845982718204216, 0.845982718204216, 0.845982718204216, 0.845982718204216, 0.845982718204216, 0.845982718204216, 0.845982718204216, 0.845982718204216, 0.845982718204216, 0.845982718204216, 0.845982718204216, 0.845982718204216, 0.845982718204216, 0.845982718204216, 0.845982718204216, 0.845982718204216, 0.845982718204216, 0.845982718204216, 0.845982718204216, 0.845982718204216, 0.845982718204216, 0.845982718204216, 0.845982718204216, 0.845982718204216, 0.845982718204216, 0.845982718204216, 0.845982718204216, 0.845982718204216, 0.845982718204216, 0.845982718204216, 0.845982718204216, 0.845982718204216, 0.845982718204216, 0.845982718204216, 0.845982718204216, 0.845982718204216, 0.845982718204216, 0.845982718204216, 0.845982718204216, 0.845982718204216, 0.845982718204216, 0.845982718204216, 0.845982718204216, 0.845982718204216, 0.845982718204216, 0.845982718204216, 0.845982718204216, 0.845982718204216, 0.845982718204216, 0.845982718204216, 0.845982718204216, 0.845982718204216, 0.845982718204216, 0.845982718204216, 0.845982718204216, 0.845982718204216, 0.845982718204216, 0.845982718204216, 0.845982718204216, 0.845982718204216, 0.845982718204216, 0.845982718204216, 0.845982718204216, 0.845982718204216, 0.845982718204216, 0.845982718204216, 0.845982718204216, 0.845982718204216, 0.845982718204216, 0.845982718204216, 0.845982718204216, 0.845982718204216, 0.845982718204216, 0.845982718204216, 0.845982718204216, 0.845982718204216, 0.845982718204216, 0.845982718204216, 0.845982718204216, 0.845982718204216, 0.845982718204216, 0.845982718204216, 0.845982718204216, 0.845982718204216, 0.845982718204216, 0.845982718204216, 0.845982718204216]
0.8910492657625841  1.0
0.5032879651403135  1.0
0.7255214600381212  0.0
0.5053858295578559  1.0
0.5052911889954638  1.0
0.5032971939238313  0.0
0.5032763614296158  0.0
0.8909163570533981  1.0
0.504614761882518  1.0
0.8906753712076296  0.0
0.8909935974117579  1.0
0.5031696899851881  1.0
0.5032049967936657  1.0
0.5047224263492711  1.0
0.5032674191060603  0.0
0.5032492480236032  0.0
0.8906897928151052  0.0
0.8894073869949256  1.0
0.8904491815339826  1.0
0.5033040315026048  0.0
0.5032852899536507  1.0
0.5032038089690926  1.0
0.8807763765863247  1.0
0.8907230933258848  1.0
0.8000216956285972  1.0
0.5046162273228417  0.0
0.5032121224730801  1.0
0.7209668170508283  0.0
0.8908328430817409  0.0
0.5032531483800812  0.0
0.5032600564317641  1.0
0.5033017017905426  0.0
0.5032669943887023  0.0
0.8907385934929629  0.0
0.5032960594937603  0.0
0.5032298324174244  0.0
0.505318201790001  1.0
0.8909696386915487  0.0
0.5016380770233735  0.0
0.5051390133493084  1.0
0.8806311206681039  1.0
0.5053257922319542  1.0
0.8907141526840433  0.0
0.5033355882790828  0.0
0.9301666833642027  1.0
0.5032266940421576  0.0
0.5053009430996479  1.0
0.8807735733353257  1.0
0.8900228517223268  0.0
0.5055671758175883  1.0
0.8907710707581731  1.0
0.5052898805030971  0.0
0.5054386654069172  1.0
0.5032240264682425  0.0
0.7404927373291492  1.0
0.8902455171918937  0.0
0.5087720325165416  1.0
0.5032116513299179  1.0
0.5013915548583999  1.0
0.5018321968332787  1.0
0.5032905695723144  0.0
0.8907998503515775  0.0
0.5031589050567146  0.0
0.5306430587809144  1.0
0.8674907896812999  1.0
0.5032520075968272  0.0
0.5032291936211276  1.0
0.5032548093656709  0.0
0.5032671868194933  1.0
0.503276200442711  1.0
0.5046170580857027  0.0
0.8746973940074024  0.0
0.5033033283571398  1.0
0.5015092798623656  1.0
0.8901832169712984  1.0
0.5032425834591857  1.0
0.890371219924389  0.0
0.5051839172063137  0.0
0.8908063309195308  0.0
0.8905937039932014  0.0
0.503251591014789  0.0
0.5032646032501235  0.0
0.7828781115877165  0.0
0.5032633789518342  1.0
0.5032368973095307  1.0
0.530545886511215  1.0
0.5046045792478081  0.0
0.5031886283591308  1.0
0.505250163436756  0.0
0.8739572647350435  0.0
0.8628666950862148  1.0
0.5046065451205167  0.0
0.7648463567963394  1.0
0.8683431767917915  1.0
0.50147624988841  1.0
0.561200737795112  0.0
0.7372084983348627  0.0
0.5030716934428409  1.0
0.8912340532183537  0.0
0.5033089393031701  0.0
