sample size:  3000
lr:  1e-06
n_epochs:  600
batch_size:  25
=============== Start training: ===============
sample size:  3000
lr:  1e-06
n_epochs:  600
batch_size:  25
=============== Start training: ===============
sample size:  3000
lr:  1e-06
n_epochs:  600
batch_size:  25
=============== Start training: ===============
Accuracy: 50.73333333333334
losses:  [0.6993586712271392, 0.6993592058154852, 0.6993597404454348, 0.6993602751098053, 0.6993608098014673, 0.6993613445133493, 0.6993618792384295, 0.6993624139697442, 0.6993629487003712, 0.6993634834234568, 0.6993640181321851, 0.6993645528197975, 0.6993650874795938, 0.6993656221049129, 0.6993661566891524, 0.699366691225758, 0.6993672257082268, 0.6993677601301066, 0.6993682944849895, 0.6993688287665286, 0.6993693629684096, 0.6993698970843862, 0.6993704311082417, 0.699370965033826, 0.699371498855022, 0.6993720325657651, 0.6993725661600444, 0.6993730996318888, 0.6993736329753745, 0.6993741661846252, 0.6993746992538195, 0.699375232177165, 0.6993757649489271, 0.699376297563418, 0.6993768300149868, 0.6993773622980317, 0.6993778944069974, 0.6993784263363731, 0.6993789580806845, 0.6993794896345127, 0.699380020992475, 0.6993805521492317, 0.6993810830994915, 0.6993816138380045, 0.6993821443595548, 0.6993826746589803, 0.6993832047311543, 0.6993837345709952, 0.6993842641734606, 0.6993847935335493, 0.6993853226463064, 0.69938585150681, 0.6993863801101852, 0.699386908451595, 0.6993874365262376, 0.6993879643293591, 0.6993884918562414, 0.6993890191022055, 0.6993895460626124, 0.6993900727328628, 0.699390599108391, 0.6993911251846752, 0.6993916509572361, 0.6993921764216174, 0.6993927015734142, 0.6993932264082552, 0.6993937509218041, 0.6993942751097607, 0.6993947989678687, 0.6993953224918997, 0.6993958456776674, 0.6993963685210194, 0.6993968910178389, 0.6993974131640474, 0.6993979349555981, 0.6993984563884837, 0.6993989774587268, 0.6993994981623896, 0.6994000184955638, 0.6994005384543834, 0.6994010580350083, 0.6994015772336388, 0.6994020960465023, 0.6994026144698631, 0.6994031325000224, 0.6994036501333095, 0.6994041673660919, 0.6994046841947626, 0.6994052006157535, 0.6994057166255208, 0.6994062322205645, 0.6994067473974103, 0.6994072621526096, 0.6994077764827595, 0.6994082903844758, 0.6994088038544118, 0.6994093168892459, 0.6994098294856973, 0.6994103416405043, 0.6994108533504465, 0.6994113646123239, 0.6994118754229753, 0.6994123857792615, 0.6994128956780783, 0.6994134051163466, 0.6994139140910186, 0.6994144225990795, 0.6994149306375378, 0.6994154382034323, 0.6994159452938341, 0.6994164519058351, 0.6994169580365629, 0.6994174636831675, 0.6994179688428303, 0.6994184735127613, 0.6994189776901912, 0.6994194813723837, 0.6994199845566342, 0.6994204872402499, 0.6994209894205824, 0.6994214910949995, 0.6994219922608965, 0.6994224929156988, 0.6994229930568521, 0.6994234926818317, 0.6994239917881415, 0.6994244903733094, 0.6994249884348814, 0.6994254859704366, 0.6994259829775803, 0.6994264794539359, 0.6994269753971565, 0.6994274708049232, 0.6994279656749273, 0.6994284600049068, 0.6994289537926041, 0.6994294470357943, 0.699429939732274, 0.6994304318798683, 0.699430923476419, 0.6994314145197965, 0.6994319050078925, 0.6994323949386194, 0.6994328843099185, 0.6994333731197492, 0.699433861366095, 0.6994343490469612, 0.6994348361603778, 0.6994353227043921, 0.6994358086770811, 0.6994362940765377, 0.6994367789008756, 0.6994372631482386, 0.6994377468167812, 0.6994382299046881, 0.6994387124101598, 0.6994391943314235, 0.6994396756667182, 0.6994401564143101, 0.6994406365724887, 0.6994411161395586, 0.6994415951138472, 0.6994420734937006, 0.6994425512774904, 0.6994430284635993, 0.6994435050504364, 0.6994439810364312, 0.6994444564200265, 0.6994449311996916, 0.6994454053739165, 0.6994458789412001, 0.6994463519000654, 0.6994468242490599, 0.6994472959867438, 0.6994477671117012, 0.6994482376225296, 0.6994487075178458, 0.6994491767962882, 0.6994496454565101, 0.6994501134971851, 0.6994505809170041, 0.6994510477146774, 0.6994515138889281, 0.6994519794385037, 0.699452444362162, 0.6994529086586894, 0.6994533723268782, 0.6994538353655411, 0.6994542977735115, 0.6994547595496349, 0.6994552206927758, 0.6994556812018222, 0.6994561410756625, 0.6994566003132168, 0.6994570589134154, 0.6994575168752069, 0.6994579741975526, 0.6994584308794328, 0.6994588869198425, 0.6994593423177943, 0.6994597970723159, 0.6994602511824491, 0.6994607046472515, 0.6994611574657986, 0.6994616096371787, 0.6994620611604958, 0.6994625120348725, 0.6994629622594369, 0.6994634118333406, 0.6994638607557537, 0.6994643090258491, 0.6994647566428215, 0.6994652036058795, 0.6994656499142468, 0.6994660955671561, 0.699466540563864, 0.6994669849036321, 0.6994674285857369, 0.6994678716094791, 0.6994683139741598, 0.6994687556790974, 0.6994691967236336, 0.6994696371071092, 0.6994700768288915, 0.699470515888349, 0.6994709542848747, 0.6994713920178639, 0.6994718290867348, 0.6994722654909127, 0.6994727012298401, 0.6994731363029663, 0.6994735707097577, 0.6994740044496939, 0.6994744375222621, 0.6994748699269693, 0.6994753016633266, 0.6994757327308642, 0.699476163129119, 0.6994765928576481, 0.6994770219160121, 0.6994774503037849, 0.6994778780205575, 0.6994783050659272, 0.6994787314395046, 0.6994791571409146, 0.699479582169788, 0.6994800065257749, 0.6994804302085256, 0.6994808532177132, 0.6994812755530153, 0.6994816972141206, 0.699482118200736, 0.6994825385125675, 0.6994829581493408, 0.6994833771107873, 0.6994837953966581, 0.6994842130067012, 0.6994846299406856, 0.6994850461983868, 0.6994854617795914, 0.6994858766840976, 0.6994862909117099, 0.6994867044622468, 0.6994871173355373, 0.6994875295314154, 0.6994879410497298, 0.6994883518903389, 0.6994887620531092, 0.699489171537916, 0.6994895803446466, 0.6994899884731973, 0.6994903959234721, 0.6994908026953849, 0.6994912087888627, 0.6994916142038392, 0.6994920189402519, 0.6994924229980587, 0.6994928263772179, 0.699493229077697, 0.6994936310994783, 0.6994940324425496, 0.6994944331069053, 0.6994948330925518, 0.6994952323995026, 0.6994956310277781, 0.6994960289774151, 0.6994964262484502, 0.6994968228409283, 0.6994972187549092, 0.6994976139904573, 0.6994980085476433, 0.6994984024265513, 0.6994987956272672, 0.6994991881498893, 0.6994995799945264, 0.6994999711612828, 0.6995003616502884, 0.6995007514616705, 0.69950114059556, 0.6995015290521014, 0.6995019168314528, 0.6995023039337697, 0.6995026903592184, 0.6995030761079725, 0.6995034611802159, 0.6995038455761339, 0.6995042292959243, 0.6995046123397906, 0.6995049947079436, 0.6995053764005993, 0.6995057574179829, 0.6995061377603258, 0.699506517427866, 0.6995068964208526, 0.6995072747395302, 0.6995076523841641, 0.6995080293550139, 0.6995084056523586, 0.6995087812764699, 0.6995091562276405, 0.699509530506152, 0.6995099041123141, 0.6995102770464209, 0.6995106493087914, 0.6995110208997362, 0.6995113918195836, 0.6995117620686602, 0.6995121316473022, 0.6995125005558522, 0.6995128687946549, 0.6995132363640683, 0.6995136032644479, 0.6995139694961613, 0.6995143350595792, 0.6995146999550778, 0.6995150641830409, 0.6995154277438566, 0.6995157906379192, 0.6995161528656266, 0.6995165144273858, 0.6995168753236048, 0.6995172355547026, 0.6995175951210986, 0.6995179540232196, 0.6995183122614999, 0.6995186698363735, 0.6995190267482823, 0.6995193829976766, 0.6995197385850107, 0.6995200935107385, 0.6995204477753248, 0.6995208013792363, 0.6995211543229478, 0.699521506606931, 0.6995218582316757, 0.699522209197665, 0.6995225595053938, 0.699522909155354, 0.6995232581480516, 0.6995236064839917, 0.6995239541636822, 0.6995243011876431, 0.6995246475563901, 0.6995249932704495, 0.699525338330347, 0.6995256827366189, 0.6995260264897981, 0.6995263695904301, 0.6995267120390632, 0.6995270538362418, 0.6995273949825267, 0.6995277354784686, 0.6995280753246332, 0.6995284145215918, 0.6995287530699084, 0.699529090970159, 0.699529428222927, 0.6995297648287926, 0.6995301007883369, 0.69953043610216, 0.6995307707708485, 0.699531104795001, 0.6995314381752246, 0.6995317709121176, 0.699532103006294, 0.6995324344583632, 0.6995327652689444, 0.6995330954386553, 0.6995334249681208, 0.6995337538579663, 0.6995340821088238, 0.699534409721325, 0.6995347366961087, 0.6995350630338124, 0.6995353887350828, 0.699535713800565, 0.699536038230913, 0.6995363620267768, 0.6995366851888155, 0.6995370077176869, 0.6995373296140565, 0.6995376508785845, 0.6995379715119456, 0.6995382915148126, 0.6995386108878565, 0.6995389296317601, 0.6995392477472009, 0.6995395652348619, 0.6995398820954344, 0.6995401983296036, 0.699540513938065, 0.6995408289215146, 0.6995411432806462, 0.6995414570161642, 0.6995417701287722, 0.6995420826191727, 0.6995423944880801, 0.6995427057361988, 0.6995430163642503, 0.6995433263729454, 0.6995436357630035, 0.6995439445351482, 0.6995442526901033, 0.6995445602285945, 0.6995448671513477, 0.6995451734590994, 0.6995454791525807, 0.6995457842325251, 0.6995460886996767, 0.6995463925547676, 0.6995466957985466, 0.6995469984317569, 0.6995473004551438, 0.6995476018694611, 0.6995479026754523, 0.6995482028738798, 0.6995485024654934, 0.6995488014510514, 0.6995490998313162, 0.6995493976070446, 0.6995496947790054, 0.6995499913479587, 0.6995502873146764, 0.6995505826799248, 0.6995508774444789, 0.6995511716091088, 0.69955146517459, 0.6995517581417009, 0.6995520505112163, 0.6995523422839212, 0.6995526334605954, 0.6995529240420224, 0.6995532140289862, 0.6995535034222787, 0.6995537922226854, 0.6995540804309985, 0.6995543680480044, 0.6995546550745063, 0.6995549415112913, 0.6995552273591593, 0.6995555126189098, 0.6995557972913377, 0.6995560813772519, 0.6995563648774501, 0.6995566477927365, 0.6995569301239151, 0.699557211871796, 0.6995574930371865, 0.6995577736208964, 0.699558053623737, 0.6995583330465194, 0.6995586118900584, 0.6995588901551661, 0.6995591678426605, 0.6995594449533592, 0.6995597214880788, 0.6995599974476433, 0.6995602728328687, 0.6995605476445792, 0.6995608218835966, 0.6995610955507485, 0.6995613686468559, 0.6995616411727469, 0.6995619131292525, 0.6995621845171934, 0.6995624553374054, 0.6995627255907152, 0.6995629952779587, 0.6995632643999623, 0.6995635329575656, 0.6995638009515943, 0.6995640683828941, 0.6995643352522944, 0.6995646015606338, 0.6995648673087516, 0.6995651324974823, 0.6995653971276677, 0.6995656612001482, 0.6995659247157688, 0.6995661876753625, 0.6995664500797804, 0.6995667119298573, 0.6995669732264469, 0.6995672339703854, 0.6995674941625237, 0.6995677538037037, 0.6995680128947758, 0.699568271436587, 0.6995685294299828, 0.6995687868758106, 0.6995690437749248, 0.6995693001281736, 0.699569555936403, 0.699569811200467, 0.6995700659212167, 0.6995703200995076, 0.6995705737361871, 0.6995708268321073, 0.6995710793881255, 0.699571331405095, 0.6995715828838691, 0.6995718338253019, 0.699572084230249, 0.6995723340995623, 0.699572583434106, 0.6995728322347324, 0.6995730805022949, 0.6995733282376528, 0.6995735754416637, 0.6995738221151857, 0.6995740682590776, 0.6995743138741926, 0.6995745589613938, 0.6995748035215407, 0.6995750475554895, 0.6995752910641009, 0.699575534048232, 0.699575776508746, 0.6995760184465003, 0.6995762598623563, 0.6995765007571748, 0.6995767411318129, 0.6995769809871338, 0.6995772203240002, 0.6995774591432672, 0.6995776974458008, 0.6995779352324628, 0.6995781725041064, 0.6995784092616021, 0.6995786455058052, 0.699578881237581, 0.6995791164577878, 0.6995793511672874, 0.6995795853669432, 0.6995798190576151, 0.6995800522401647, 0.699580284915456, 0.699580517084347, 0.6995807487476985, 0.6995809799063738, 0.6995812105612357, 0.699581440713142, 0.6995816703629556, 0.6995818995115386, 0.6995821281597452, 0.6995823563084455, 0.6995825839584985, 0.699582811110758, 0.699583037766093, 0.6995832639253589, 0.6995834895894146, 0.6995837147591253, 0.6995839394353449, 0.6995841636189383, 0.6995843873107593, 0.6995846105116722, 0.6995848332225375, 0.6995850554442072, 0.699585277177542, 0.6995854984234029, 0.6995857191826454, 0.6995859394561288, 0.6995861592447117, 0.6995863785492481, 0.6995865973705943, 0.6995868157096126, 0.6995870335671573, 0.6995872509440768, 0.6995874678412385, 0.699587684259491, 0.6995879001996878, 0.6995881156626885, 0.6995883306493447, 0.6995885451605116, 0.6995887591970401, 0.6995889727597862, 0.6995891858496023, 0.6995893984673374, 0.6995896106138498, 0.699589822289985]
0.48947283518782536  1.0
0.4916151764047112  1.0
0.4228440426658331  0.0
0.494109289484371  1.0
0.494171109907158  1.0
0.4915790970392717  0.0
0.4916210383378241  0.0
0.4892884142366207  1.0
0.4938856336689185  1.0
0.48886556602227055  0.0
0.49410807999932593  1.0
0.4917484690641532  1.0
0.4917212940149932  1.0
0.19479725708037413  1.0
0.49160607865108763  0.0
0.4916686833697016  0.0
0.48905204873081304  0.0
0.49353419111909513  1.0
0.4885337798855075  1.0
0.49158147036949223  0.0
0.4916450211848633  1.0
0.4917135356111271  1.0
0.4875038430759137  1.0
0.4252712578302476  1.0
0.493594206965664  1.0
0.4667582738309138  0.0
0.49171381863825825  1.0
0.4938683342045131  0.0
0.4888346728444674  0.0
0.491667730421864  0.0
0.49164726268510883  1.0
0.49160332719126365  0.0
0.49158171747643126  0.0
0.4889504294764221  0.0
0.4915489092056894  0.0
0.491626458395198  0.0
0.49413240378549134  1.0
0.48944212942527193  0.0
0.3789018612868076  0.0
0.49425943091962365  1.0
0.49421109057504203  1.0
0.49414671671337224  1.0
0.4888572752184739  0.0
0.4914925287668526  0.0
0.43446071562823985  1.0
0.4916515266777314  0.0
0.4941616649295904  1.0
0.48776740290639187  1.0
0.49341963438903413  0.0
0.2810543951936238  1.0
0.48922356131098477  1.0
0.4941788082288955  0.0
0.4941280954497732  1.0
0.4916741381446817  0.0
0.49432856683921933  1.0
0.493506700851752  0.0
0.4882021403193992  1.0
0.4917374178908339  1.0
0.49144172346092513  1.0
0.3767035617208481  1.0
0.4916059466186178  0.0
0.48896390608521223  0.0
0.4917874705222093  0.0
0.4939291063778066  1.0
0.40866941581716293  1.0
0.4916568337513832  0.0
0.4916898416247928  1.0
0.4916485769298387  0.0
0.4916488788903702  1.0
0.491621158169049  1.0
0.49363228215136984  0.0
0.4926067177627561  0.0
0.49160365587083227  1.0
0.38090890805983013  1.0
0.4934780096103582  1.0
0.49163915539802927  1.0
0.4881777312347529  0.0
0.4942464701588093  0.0
0.48923179995245913  0.0
0.4885163203283992  0.0
0.4916552865641368  0.0
0.49160342966364245  0.0
0.4935569021259381  0.0
0.49165575166638503  1.0
0.4916295841838469  1.0
0.49392911305563214  1.0
0.4938850044229526  0.0
0.491739193437687  1.0
0.4942038455181361  0.0
0.4941291946248463  0.0
0.40798074237736665  1.0
0.49388422455119785  0.0
0.4877803562436388  1.0
0.49400756069695706  1.0
0.3806193912351783  1.0
0.4720524302038344  0.0
0.4943159716484016  0.0
0.4920768051230996  1.0
0.4895093452951586  0.0
0.49159116860968666  0.0
0.49418606233284484  1.0
0.491648097770196  0.0
0.4916725638219108  0.0
0.4036946058727933  1.0
0.4625450929421338  1.0
0.4890297777758156  0.0
0.48922017189581557  1.0
0.4626653004398742  1.0
0.494605932823157  1.0
0.49183046275592823  1.0
0.4942545642263091  0.0
0.494223506996491  0.0
0.4916206044384067  0.0
0.4871383194327474  0.0
0.4916531671137388  1.0
0.49172204966772176  0.0
0.49178446929044556  0.0
0.491515122647657  1.0
0.48941234987428955  1.0
0.49166619717303406  0.0
0.49421066866496116  1.0
0.49404863992440273  1.0
0.49434534983646305  0.0
0.4941659602567121  1.0
0.49155488775904765  0.0
0.37986839300509656  1.0
0.493578085728227  1.0
0.3973325342351461  0.0
0.49414025987155646  0.0
0.4917367733279459  1.0
0.4915879116978007  0.0
0.49203092447440955  1.0
0.49163710529713023  1.0
0.48743325574299834  0.0
0.4942039210580105  0.0
0.49357702427244077  1.0
0.4881206918373109  1.0
0.4934767181093838  1.0
0.4903588625085219  1.0
0.48916069457419237  1.0
0.4916587286943909  0.0
0.4934671217045849  1.0
0.49388314626896185  1.0
0.46430623010746624  1.0
0.4941910757067242  1.0
0.48921024376901867  0.0
0.49374994113564713  1.0
0.493430695814031  0.0
0.49164552127989986  1.0
0.49201354711914097  0.0
0.49161590770578306  0.0
0.49388104364047847  0.0
0.4917068065003659  1.0
0.48890683659209516  1.0
0.4878759310016911  0.0
0.49154146990218733  0.0
0.41962776819131686  0.0
0.49335495699046605  0.0
0.4916008942051882  0.0
0.40842449910666073  0.0
0.49161058109532596  1.0
0.4942595315714075  0.0
0.49238328057050307  0.0
0.4915163814967332  0.0
0.49347099563438424  1.0
0.4919085858083002  1.0
0.4873998978380954  0.0
0.48987836467274837  0.0
0.4942588901063185  0.0
0.49388672330741984  1.0
0.4916563168847742  1.0
0.3783467284152473  0.0
0.4916258465432282  1.0
0.49164385974790137  0.0
0.4916349695602595  0.0
0.49162467029959883  1.0
0.49400657486102706  1.0
0.49165322327049615  0.0
0.49419068366083424  1.0
0.4934559928161879  0.0
0.49340840365528665  1.0
0.49171097284878357  1.0
0.4935875656997089  1.0
0.4893057759291095  0.0
0.4890409287927212  0.0
0.49338337337577887  0.0
0.49153934843133323  0.0
0.49384497463317273  0.0
0.49175512600015214  1.0
0.4890968594352481  1.0
0.4941221433685961  1.0
0.4915949800733649  0.0
0.4934443911926534  1.0
0.4940692610825152  0.0
0.49412170446492454  1.0
0.49418722280137123  0.0
0.4887722297887934  0.0
0.48917857967143447  1.0
0.41114735372373323  1.0
0.49357303583025364  0.0
0.49360739467110176  1.0
0.48903926371865913  0.0
0.4940285388535743  1.0
0.48877711914316746  0.0
0.48764634667173096  0.0
0.49161671508452315  1.0
0.49361105027518754  1.0
0.4877326902412121  1.0
0.49427654047299063  0.0
0.4917460669991505  1.0
0.49395966294566956  0.0
0.4942306449082011  0.0
0.48831530934477413  0.0
0.49173711111029333  1.0
0.4887850985548461  0.0
0.4016959994477731  0.0
0.49398216845047516  1.0
0.4916881680140875  0.0
0.49263395056674597  0.0
0.37567809653141077  1.0
0.4934515463967657  0.0
0.4916066652217136  0.0
0.4915985046820365  0.0
0.4917254231780842  1.0
0.4916438970440304  0.0
0.48744512209500485  1.0
0.49340855430578295  0.0
0.4873014354109389  1.0
0.4917754191435399  1.0
0.4917344139971423  1.0
0.48811590332658783  0.0
0.4917200623588652  1.0
0.4935830510947338  1.0
0.4935808745996269  1.0
0.4903843227704262  1.0
0.49422582771771606  1.0
0.49171402944779147  1.0
0.4893469108041115  0.0
0.48822323004416807  0.0
0.49419209956555177  0.0
0.48951469469530956  1.0
0.46005524639623774  0.0
0.495563286350044  1.0
0.49160847362792154  0.0
0.4917315149690887  0.0
0.4934969578436193  1.0
0.4916981952973617  1.0
0.38063935561582624  0.0
0.49388308904910183  0.0
0.49418048955059335  1.0
0.4916787518572142  1.0
0.49159800629157674  0.0
0.4887742092233025  1.0
0.4916404962623086  1.0
0.49358268093622737  1.0
0.38009253442226787  1.0
0.40997345719102446  1.0
0.4916465404043552  0.0
0.49167728535182414  1.0
0.4884198884683121  0.0
0.37621317065378657  0.0
0.49167231816691714  0.0
0.49172983413495286  1.0
0.37873089884165057  0.0
0.3774695299360238  1.0
0.4917333981262663  1.0
0.49359144181013914  1.0
0.48824489450463837  0.0
0.49177111158106623  0.0
0.4958042976469502  1.0
0.4918001473640959  1.0
0.4916424459368203  0.0
0.4934010210357636  1.0
0.49162000954069224  0.0
0.4940825699457585  0.0
0.49170690896826513  0.0
0.3968685534360731  0.0
0.4916715378080602  0.0
0.4916546237752971  0.0
0.49357331956188677  1.0
0.4942234122271168  1.0
0.4934630557311613  1.0
0.4891867524620007  1.0
0.4916233460709111  1.0
0.49343204220618836  0.0
0.46497254428285717  0.0
0.4886567379567603  0.0
0.4757306937940223  0.0
0.49358326351925363  1.0
0.4941956004898009  0.0
0.46590171687516035  1.0
0.4918260731233941  1.0
0.4935804374264507  1.0
0.4885465658859814  0.0
0.4934439527690196  0.0
0.49161790572618386  0.0
0.4917698142717042  1.0
0.4916886249512375  0.0
0.3816993533194543  1.0
0.491651351258969  0.0
0.46204903210633336  0.0
0.49167984553132044  1.0
0.38165560867930715  1.0
0.4876447219671274  0.0
0.4934523997376339  0.0
0.4890893234527411  1.0
0.488782185370073  1.0
0.3834385540278348  1.0
0.49162743674530596  0.0
0.37770620758269385  0.0
0.4900877164439618  1.0
0.4916293116432301  1.0
0.46172224047557536  1.0
0.48799683153543894  0.0
0.4869908714000668  0.0
0.46713165857428673  1.0
0.49344734089449915  1.0
0.4915685406662214  1.0
0.49157324148268455  0.0
0.4916537093946123  0.0
0.48962050839034127  1.0
0.49170774365698006  1.0
0.48960084647686714  0.0
0.4891720806023015  1.0
0.493506543324695  1.0
0.4916885991370229  1.0
0.49405261364211533  1.0
0.4886181511925191  0.0
0.49419498198269446  0.0
0.4938403067619236  1.0
0.491733765599276  0.0
0.4916399047460559  1.0
0.4916448471537992  1.0
0.49168056047005837  0.0
0.49170778209262633  0.0
0.49167851810378443  0.0
0.4915914376658391  0.0
0.494655037312521  1.0
0.4916759666736875  1.0
0.49160922646929195  0.0
0.49166178584368214  0.0
0.48918426434632023  1.0
0.4916989333393252  0.0
0.48994973252503954  1.0
0.4890097561775138  1.0
0.4941902316266422  0.0
0.4891417219424893  0.0
0.489189014227134  0.0
0.49169243729320034  0.0
0.4931312736390504  0.0
0.49166924336584655  0.0
0.4916839174232745  1.0
0.4941387987802993  1.0
0.3803750039036471  0.0
0.4904264386119504  1.0
0.4679969631027401  1.0
0.49166255923343166  1.0
0.491535561953762  0.0
0.487996208287178  1.0
0.49392791224584787  1.0
0.49164756792097636  0.0
0.4885732767524177  0.0
0.49160368772291074  0.0
0.4894091303797197  0.0
0.4915293273112419  1.0
0.49460755348715496  0.0
0.4644852686792142  1.0
0.49164715109342705  0.0
0.48862344380600614  0.0
0.4916221413973324  0.0
0.4917226449801209  1.0
0.4875857830240863  0.0
0.4916783936897959  1.0
0.4940155812215375  1.0
0.48791831124398916  0.0
0.4887203542285159  1.0
0.4917078350368842  0.0
0.4916223737680868  0.0
0.4939715703626386  1.0
0.4888465138782288  1.0
0.4941218090093507  0.0
0.49158454516168393  1.0
0.4916623719391695  1.0
0.4942687062443417  0.0
0.49207076880625844  0.0
0.48718260252652784  0.0
0.46164974298524275  1.0
0.4946066373102066  0.0
0.49413295899694537  0.0
0.4898804727767136  1.0
0.4942618534779581  0.0
0.49176170165265415  1.0
0.489748146089479  0.0
0.4894417678699363  1.0
0.49172046600082076  0.0
0.4876814875993088  1.0
0.49416477418309407  0.0
0.4891293742301616  0.0
0.48924087064944843  0.0
0.4943827616494305  0.0
0.49436058614611145  1.0
0.48703015156075263  0.0
0.493442662177571  0.0
0.49151039718726075  0.0
0.49171284516809316  1.0
0.4917445748275207  1.0
0.4890758862038888  0.0
0.49177921751920134  0.0
0.49175724918000024  1.0
0.4917182593150389  1.0
0.49168158933191974  0.0
0.4888294216947316  0.0
0.49409553867357003  1.0
0.49417458661667635  1.0
0.48925398149066496  0.0
0.4934664771354563  0.0
0.48815537955994953  0.0
0.4889121986138294  0.0
0.49151530769194973  0.0
0.491572370618643  0.0
0.49173369383578824  0.0
0.49415162884010866  0.0
0.4893212183532845  1.0
0.4889491619895541  1.0
0.4916357017620522  1.0
0.49417853578440213  1.0
0.4941100652265428  1.0
0.48900711481095355  1.0
0.37911593684660316  1.0
0.4937551752618788  1.0
0.49159980726263536  0.0
0.4925450397444662  1.0
0.46397734864550544  0.0
0.49373124940624885  1.0
0.4917900570556769  0.0
0.48918944565930744  1.0
0.49162891550700943  0.0
0.4916915611413667  0.0
0.410893815610297  0.0
0.4943583829495456  0.0
0.49465177639772323  1.0
0.49162966399774904  1.0
0.3789760814684635  1.0
0.49162968884218705  0.0
0.4891611469907336  1.0
0.49425557584028856  0.0
0.49413297399473965  1.0
0.49266442390302395  0.0
0.48863131898586143  1.0
0.49156413546795286  0.0
0.49270116841474104  1.0
0.4938858833965278  1.0
0.4938823040455067  1.0
0.4873396529258947  0.0
0.48784794077628507  1.0
0.4941901606589991  1.0
0.4916795995062202  1.0
0.4916774660705013  1.0
0.4891370840423841  0.0
0.4886311204408204  0.0
0.49162713616271814  0.0
0.49168164730974206  0.0
0.4938819740323303  1.0
0.4927768114203152  0.0
0.4941945509741022  0.0
0.4916269123708465  0.0
0.4938835602915662  0.0
0.49156560005292704  0.0
0.474468896421859  1.0
0.4059707317093116  0.0
0.49164214621279495  0.0
0.4941883102545256  1.0
0.4915507923501435  0.0
0.4938562424575371  0.0
0.49170398231971385  1.0
0.4916984610363957  0.0
0.4942023548364046  1.0
0.49420337055681546  0.0
0.4877381097764377  1.0
0.4915316290007093  0.0
0.4933836425962216  1.0
0.4893833352309447  1.0
0.4891893823110631  0.0
0.489465922274092  1.0
0.3740597234411326  0.0
0.37707562412368867  0.0
0.4917496180530006  1.0
0.4941990636738876  0.0
0.4312859123845055  0.0
0.492692893959165  1.0
0.4941952204826241  0.0
0.49338634320739067  0.0
0.4885328099572454  0.0
0.3839571967425599  1.0
0.49167061254670896  1.0
0.4880802057845166  0.0
0.48910902688080327  0.0
0.49165495509477586  1.0
0.49167434603322396  0.0
0.49157349558862135  0.0
0.48935285460734507  0.0
0.49166436893173726  1.0
0.48824412786599  1.0
0.45742325485144053  0.0
0.4915683107253734  0.0
0.46722874282947935  0.0
0.48757936258163465  1.0
0.4917102937521638  0.0
0.4921855344373212  0.0
0.4888633996627517  0.0
0.49414320055140387  0.0
0.38152297281567055  1.0
0.4917861247143601  1.0
0.4941933208179256  1.0
0.4916655972816025  0.0
0.4935113174027417  1.0
0.49169041100249206  1.0
0.4916959156588322  1.0
0.4872751315504077  0.0
0.48894262832703905  0.0
0.37991940968106264  1.0
0.49360328751057525  1.0
0.4915849681454956  1.0
0.4888745130319244  1.0
0.4942909404891828  1.0
0.4917373298793371  1.0
0.488619248367111  1.0
0.4924636240810826  0.0
0.435107991571377  1.0
0.4943362283078385  0.0
0.4882200362331008  1.0
0.4934767885543578  1.0
0.49408363440717173  1.0
0.48898582650911426  0.0
0.4941507008810298  0.0
0.49172814233179285  1.0
0.49410725334423766  1.0
0.48842356957889693  0.0
0.49416561356418903  1.0
0.49384849019072063  0.0
0.4941908318352237  0.0
0.49392800491433997  1.0
0.4917837831848689  1.0
0.49425825463236756  0.0
0.3814017123713128  1.0
0.4895231058773406  1.0
0.4926546226417957  1.0
0.48779713897059507  1.0
0.4046607182739448  0.0
0.4940871843322117  1.0
0.48790103339036645  0.0
0.4941219868381199  1.0
0.3802513365462552  1.0
0.4916765118635885  0.0
0.48725131603943905  0.0
0.48878672744084484  1.0
0.4933912818727517  1.0
0.48856576145305475  0.0
0.49153614386407757  0.0
0.49421368698293594  0.0
0.4882775907466655  0.0
0.4881218855541532  0.0
0.48881863878574433  0.0
0.49175619331794235  1.0
0.49156944863081675  0.0
0.48877429979129605  0.0
0.48783111302787474  1.0
0.4916680912064713  0.0
0.49159910820577063  0.0
0.46139608361269785  1.0
0.4920422236953398  0.0
0.48909195501310115  1.0
0.4942600780476457  0.0
0.4915894127570475  0.0
0.4943369173986371  0.0
0.4942464837583429  1.0
0.49358125995253993  1.0
0.4933884468085435  0.0
0.4915886055093385  0.0
0.48886936536472725  0.0
0.48776211251458274  1.0
0.4874804683391197  0.0
0.48851117718044285  1.0
0.4886365587631728  1.0
0.438041955972471  1.0
0.4941516898356709  0.0
0.4917581149248997  1.0
0.4031038648359795  0.0
0.4935685642979618  1.0
0.4103404287043354  0.0
0.4916075824586243  0.0
0.49460686006150606  1.0
0.49417844453743115  1.0
0.4892815494466362  0.0
0.49421827208046204  1.0
0.4890318660571789  0.0
0.49176358998585157  1.0
0.48719568069465147  0.0
0.38025829039217784  1.0
0.4916380260918222  0.0
0.49412183235130014  0.0
0.494015021002514  0.0
0.4916006960571273  1.0
0.46079928570816225  1.0
0.49276041964630346  0.0
0.4942037014196776  0.0
0.49174336011758707  1.0
0.438962428025388  1.0
0.48863534650640517  0.0
0.4915476427735714  0.0
0.4915778333399082  1.0
0.4916542860876143  1.0
0.4917588861559063  1.0
0.4916267023051082  0.0
0.49160230560346696  0.0
0.49266952002237036  0.0
0.4938823127634598  0.0
0.4916914671862552  0.0
0.49420451556506556  1.0
0.49163501367826273  0.0
0.49388840738089057  0.0
0.37848797997773526  0.0
0.3834831056552444  1.0
0.49388773978872  0.0
0.48836118203345336  0.0
0.4880047552594615  1.0
0.49415072259595794  0.0
0.491866438357758  0.0
0.4906817536369564  1.0
0.4915683874593195  0.0
0.49412936215859904  1.0
0.491561635516491  0.0
0.4916290175088324  0.0
0.49358478374396675  0.0
0.48747590243747874  0.0
0.4934413015600088  1.0
0.4916733058723864  1.0
0.49173556578674793  1.0
0.438809709799593  1.0
0.4876344929003309  0.0
0.4915985487124772  1.0
0.4624567516727212  0.0
0.49421923719255534  0.0
0.49175172634354497  1.0
0.49417272749023905  1.0
0.4941545333804963  0.0
0.4916289394636949  1.0
0.4916600918600582  1.0
0.4895479002906952  1.0
0.4916000769599324  0.0
0.4916152517962325  0.0
0.3731130897632114  0.0
0.4892793399002609  1.0
0.49417154001571867  1.0
0.4888299022057921  1.0
0.4891069522308402  1.0
0.4009908023752241  0.0
0.49413960717536964  1.0
0.4889205348007215  1.0
0.49160588505617386  1.0
0.43397967246782615  1.0
0.4892690932736517  1.0
0.49159341007741786  0.0
0.37880257521648636  1.0
0.4942035758175699  1.0
0.4782857471897497  0.0
0.4142405857095356  1.0
0.3784566194375651  0.0
0.48901466849635244  1.0
0.41906303755214014  1.0
0.49358305982157885  1.0
0.49162959566939113  1.0
0.43537012587887614  1.0
0.4916394229073696  0.0
0.3806341213617367  0.0
0.4938884785117664  1.0
0.4877594623287762  1.0
0.4355313331089313  0.0
0.4915699906314428  1.0
0.4150989989497205  0.0
0.4941309611162483  0.0
0.4942162248342145  1.0
0.49275824627265585  1.0
0.4917263358551546  0.0
0.49344636822176846  0.0
0.4266239516420506  1.0
0.49011683872020456  1.0
0.4916333038314701  0.0
0.49346880643854923  1.0
0.4915665682305887  0.0
0.3834209291666517  1.0
0.3823851796967611  1.0
0.4944766898659851  0.0
0.4032219476842438  0.0
0.46535074396906967  1.0
0.49166616053004686  1.0
0.4895021615695804  0.0
0.49166450242098936  1.0
0.49163949198223433  0.0
0.48117293775249576  0.0
0.48883782794322805  1.0
0.4915879635480175  0.0
0.4942068511443524  1.0
0.49426409390269027  0.0
0.38160441520084504  0.0
0.48940541130812387  1.0
0.38006547272405  0.0
0.4890307948018791  0.0
0.4916031630852353  0.0
0.4916055433086499  0.0
0.4869936557060725  1.0
0.4941553133513096  0.0
0.48716211370465096  1.0
0.4918147522617363  1.0
0.3823870779592409  0.0
0.4939404165198599  1.0
0.49435364433379264  0.0
0.49415087508970706  1.0
0.4936071004953114  0.0
0.4904715101474072  1.0
0.4890588499063267  0.0
0.49388534884541113  0.0
0.4900733371275353  1.0
0.4878889352514546  1.0
0.4883764091744433  1.0
0.48905830246768506  1.0
0.4901334608755188  1.0
0.48942893356545775  1.0
0.4883740476355959  1.0
0.4915802236255835  1.0
0.49162262077332003  0.0
0.488046468325303  1.0
0.49388080705039894  0.0
0.49170178324964414  1.0
0.49159703797845117  0.0
0.49151134968274207  0.0
0.4942182933455037  1.0
0.4928577440051195  0.0
0.4916506663954385  1.0
0.38095385340998983  1.0
0.4890364788826033  0.0
0.487926294226823  0.0
0.4888545846524494  0.0
0.49164910827056924  0.0
0.49392826871074064  1.0
0.49164034623954384  1.0
0.38757014647561217  0.0
0.4893868411421402  1.0
0.42193170480079106  1.0
0.4883763724271236  1.0
0.4558756912632871  1.0
0.4915728472470992  1.0
0.4935840861683777  1.0
0.4898856258519327  1.0
0.4924912675766052  1.0
0.4894256465106103  1.0
0.40576521054696735  1.0
0.49437086241214967  0.0
0.4941589857308347  0.0
0.4934527726867742  1.0
0.4916320603091743  0.0
0.4941091839599456  0.0
0.4916945075205315  1.0
0.4888073539201304  1.0
0.4891538812360803  1.0
0.49421267359470233  0.0
0.4918169349560672  1.0
0.4917513864145438  1.0
0.4935996891981396  1.0
0.4298458066423857  1.0
0.4892500108192299  1.0
0.4904136357176686  1.0
0.4230278365869059  0.0
0.4941562041054241  0.0
0.49439337537999345  0.0
0.49420460650420034  1.0
0.49422415034916894  1.0
0.4934816445874777  0.0
0.488174906400448  0.0
0.48880088869685345  0.0
0.4883170156458937  1.0
0.4889424851755857  1.0
0.38175924206979633  1.0
0.4916116786428254  1.0
0.4916499128133109  1.0
0.49424672926128826  1.0
0.492897385058424  1.0
0.49168082241870315  0.0
0.4916533441622721  0.0
0.49413728546660957  0.0
0.4915764924355994  0.0
0.4916137656209558  0.0
0.4873404236152869  0.0
0.4943710348800673  1.0
0.49160449641950305  0.0
0.4941510122448051  0.0
0.48725820836368156  1.0
0.49174713667722464  1.0
0.48756769247960857  0.0
0.49159974861564576  1.0
0.49156809564541026  0.0
0.4916736778113371  0.0
0.49462139494882423  1.0
0.4868488208063536  1.0
0.49153489463060457  1.0
0.4067240836874759  0.0
0.49355810287393953  1.0
0.4299782537545487  1.0
0.40497751227154366  0.0
0.4942361270186566  1.0
0.49163748300949045  0.0
0.4336455635968309  0.0
0.48909456479557833  0.0
0.49164272026758227  0.0
0.4916562817147481  0.0
0.4916673996339449  0.0
0.4916969221143509  0.0
0.37728009718460287  1.0
0.4934910336445238  1.0
0.49178824155835926  1.0
0.49357724911307166  1.0
0.49388605190240775  0.0
0.4885699998248113  1.0
0.4934387435848108  0.0
0.49400559354458623  0.0
0.48946450966726285  0.0
0.49339367303552717  0.0
0.37926661984459087  1.0
0.4917342846384618  0.0
0.48757243548167095  1.0
0.488838804148351  0.0
0.4943277594393635  1.0
0.49013887242766063  1.0
0.49598949893767685  0.0
0.49163537306177096  0.0
0.4916236611026256  1.0
0.4916154602888415  0.0
0.4925188731288282  0.0
0.3838714193201003  1.0
0.4674373926073737  1.0
0.4934703346424178  1.0
0.49429819903737077  0.0
0.41161454668245046  1.0
0.4916726034400848  0.0
0.4900335066894722  1.0
0.4918365901730685  1.0
0.48784250461313994  1.0
0.4879766347208979  1.0
0.4888934414132193  0.0
0.4941053170049375  1.0
0.488004990961978  1.0
0.48884207533939644  0.0
0.49421886817597693  1.0
0.4894780951134705  1.0
0.49161834254973674  0.0
0.49416251502552777  0.0
0.4899443644572808  1.0
0.4900653817142827  1.0
0.494218268246388  0.0
0.37941446329640943  1.0
0.48860936055509735  1.0
0.48724183490163875  0.0
0.4628845314949842  0.0
0.4886832161289783  1.0
0.4916236197312677  0.0
0.37770407079575197  0.0
0.48978423507824476  1.0
0.4941585829494766  1.0
0.4916803391178529  1.0
0.49355812875493643  1.0
0.49173666214333794  1.0
0.49159017655078  0.0
0.49025436345415674  0.0
0.4915960631036764  0.0
0.4176719174314964  1.0
0.49418559557223646  1.0
0.48889583486203075  0.0
0.49009282107668256  1.0
0.48862247079524945  1.0
0.4916663420619466  0.0
0.4942056663073154  1.0
0.4916089282060159  0.0
0.4916403385305899  1.0
0.49419879427353125  0.0
0.488792948457875  1.0
0.4916155145315513  1.0
0.49415878302392363  0.0
0.49169038038669094  1.0
0.4920552573444656  1.0
0.49183219164832637  1.0
0.4891335951794547  0.0
0.417444784165038  0.0
0.49173139212778394  1.0
0.49170556263921206  1.0
0.49426910063981644  1.0
0.4890718307013506  1.0
0.49158257606058803  1.0
0.491722833124668  1.0
0.4917521236416537  1.0
0.4916634663920687  0.0
0.2794544804469556  1.0
0.49415192978438127  0.0
0.49158958568445194  0.0
0.4885928653670611  0.0
0.491764785807699  1.0
0.49411503271752805  0.0
0.3841213108840297  1.0
0.49160645120776303  0.0
0.49159112631209206  0.0
0.48955570694837025  0.0
0.4935886466936799  1.0
0.49347467998898975  0.0
0.4941776354592389  0.0
0.49156253847027526  0.0
0.49375245232929854  1.0
0.49357705494100657  1.0
0.49152448255824455  0.0
0.491641152519995  0.0
0.4916823304887634  1.0
0.4916242219538407  0.0
0.4872307692562258  0.0
0.4109167887431464  1.0
0.49162813405296174  1.0
0.49170633001835096  1.0
0.4934742558034321  1.0
0.49419924799950365  1.0
0.4918893245540479  1.0
0.4891027205516103  0.0
0.49160436132430974  0.0
0.48761387703684  0.0
0.37556941656804227  1.0
0.40637311346159305  1.0
0.49419780597867097  1.0
0.4935688400132195  1.0
0.49180315757907755  1.0
0.49173787214594955  1.0
0.49170429600170673  0.0
0.49169160678814877  0.0
0.49157563151110273  0.0
0.3826996024976367  1.0
0.49357981270000434  1.0
0.49159681017322115  1.0
0.48881937973533285  0.0
0.49396376472430104  1.0
0.4916302629950693  1.0
0.49161810441483367  0.0
0.48913314524896534  1.0
0.491770471886864  1.0
0.49424682881605325  1.0
0.4934163723522271  0.0
0.4878698513700664  1.0
0.4916486670734334  1.0
0.4934556641886531  0.0
0.4916308993012188  0.0
0.49164311188211435  0.0
0.4938864377948866  1.0
0.4926079513792079  0.0
0.48889924673550517  0.0
0.40982693620124505  0.0
0.4915716062698235  0.0
0.3795269453197939  1.0
0.4938930314076827  1.0
0.488240162761616  0.0
0.4939294731364182  1.0
0.4916487810644055  0.0
0.4889920373701251  1.0
0.4917225729515497  0.0
0.4942689353780204  0.0
0.48797813750452523  1.0
0.49165008075721406  1.0
0.4934757847936861  0.0
0.49434191283290224  1.0
0.48906789975220727  1.0
0.49166779878154115  1.0
0.4941581756859094  0.0
0.4916954025118796  0.0
0.4092771083186352  0.0
0.4916070781672695  0.0
0.4917118857599504  0.0
0.4888593425125244  0.0
0.38433450403518404  1.0
0.4935864547158238  1.0
0.49161013138718  0.0
0.4935458543154677  1.0
0.4916313629270013  1.0
0.4938810046513415  1.0
0.4883450244314768  0.0
0.4872460142885612  1.0
0.49164892799053966  0.0
0.4937966039836714  0.0
0.4916715683531206  1.0
0.3794679654044355  0.0
0.49175522270625477  1.0
0.48899933799170847  0.0
0.3794292987377317  0.0
0.4917127752441931  1.0
0.4939763722910565  0.0
0.4916454195433798  0.0
0.48716348205519633  0.0
0.491598045945712  1.0
0.4889327458256838  0.0
0.4886333438300077  0.0
0.4888436562246264  1.0
0.49419456599417994  0.0
0.4917906208009353  0.0
0.49384025216116695  0.0
0.39293430616497005  1.0
0.49173669040081563  1.0
0.49167948689581953  1.0
0.49174585874359733  0.0
0.49178019420482894  1.0
0.4890690425283116  0.0
0.4962449878068032  1.0
0.49164325964923966  0.0
0.4934593667824126  0.0
0.4933898783784903  0.0
0.4934153391094399  1.0
0.49165104748184496  0.0
0.2851749162528438  0.0
0.4942405939539206  1.0
0.49164958162749456  0.0
0.488872614568098  0.0
0.48872521444221356  0.0
0.49407805788427994  1.0
0.49175845110144223  0.0
0.49357867400374916  1.0
0.48899761824385685  0.0
0.4887720182199469  0.0
0.4939114647697209  0.0
0.49374683123848545  0.0
0.38197944691545116  1.0
0.48858033159685366  0.0
0.465187380281546  0.0
0.4934592352180786  1.0
0.4942019428435173  1.0
0.3835245284080803  1.0
0.4890685262800717  0.0
0.38777567518101236  0.0
0.4893991349436717  0.0
0.4942234065125172  1.0
0.49162994163558094  1.0
0.49005959936917304  1.0
0.49430734763195994  0.0
0.4926620697067565  0.0
0.4941469760530171  1.0
0.46712953939252194  1.0
0.4654954006619644  1.0
0.4916093219948875  1.0
0.4916653160905423  0.0
0.4888791194058539  1.0
0.49375791961722043  1.0
0.48861468025350413  1.0
0.4915920912720193  0.0
0.4940209111852117  1.0
0.49172557935896216  1.0
0.49172958274601924  1.0
0.491574032127426  0.0
0.4916726852516241  0.0
0.491605608604015  0.0
0.48965345927270226  0.0
0.4941147669013029  1.0
0.4939597570157944  1.0
0.4892335425589072  0.0
0.40316625519003313  0.0
0.4938873528038585  0.0
0.49168952187699155  0.0
0.48731884127575836  0.0
0.49392975897352875  0.0
0.4941158650346493  0.0
0.4941195679161575  0.0
0.4916423830141069  0.0
0.4931915029257338  1.0
0.48756887596597426  1.0
0.2815759157266159  1.0
0.49374641626024246  1.0
0.49604939601997766  0.0
0.49374733514557045  0.0
0.4889573898406672  0.0
0.4924349284456502  0.0
0.49166193029188565  0.0
0.4916555178275302  1.0
0.49169400627658966  0.0
0.4894726112739207  1.0
0.48915282879770117  0.0
0.4917891285749121  1.0
0.4916323696736909  0.0
0.4934360760501066  1.0
0.49161158429406365  0.0
0.4919209938745153  1.0
0.4934708394061488  0.0
0.4934289563062728  1.0
0.491777162034706  0.0
0.4942561651882105  0.0
0.49151899138729505  0.0
0.42316609433167013  1.0
0.40470131303682655  0.0
0.49383668220159643  1.0
0.37955441866008516  0.0
0.491626405682351  1.0
0.489387530245844  1.0
0.4916792620719653  1.0
0.4893415779299489  0.0
0.49176714367986335  1.0
0.4877548188725361  1.0
0.493516608220579  1.0
0.4892851001116164  1.0
0.48738976367325465  1.0
0.49175100847610553  1.0
0.4941266286272747  1.0
0.49374595929815923  0.0
0.4949073098530231  1.0
0.4916522582088888  1.0
0.48920856466084167  0.0
0.4937450387695442  1.0
0.49347019092831257  0.0
0.41969193355853585  0.0
0.49166874607851985  0.0
0.49148973725851486  1.0
0.4914350780220223  0.0
0.49343198586096626  0.0
0.4941591877460296  0.0
0.48895047676248116  1.0
0.48755913878039503  0.0
0.49274215527513093  0.0
0.49413392750752905  0.0
0.4825884877876391  1.0
0.49165120305547144  0.0
0.4914922557757455  0.0
0.49155063145055383  0.0
0.49347056025795666  1.0
0.49417474540413103  0.0
0.4872599796824154  1.0
0.4916431306551702  1.0
0.4885983332767715  0.0
0.4916272186505464  1.0
0.49465170143229054  1.0
0.4898551394224732  1.0
0.49163155099261824  0.0
0.43656513991035434  0.0
0.4940807774877106  0.0
0.4917830068614383  1.0
0.494287504482941  0.0
0.4941822160749026  0.0
0.49152099887192974  0.0
0.4918627460602039  1.0
0.4332446348812255  0.0
0.49175059053694004  1.0
0.491621796028911  1.0
0.4481833090140228  1.0
0.4918883649889118  1.0
0.4908823399247922  0.0
0.4899720856333997  0.0
0.4932581890398168  0.0
0.4916331954157557  0.0
0.49166045075819015  0.0
0.4879946901718498  1.0
0.49424405477854727  0.0
0.488041447735528  1.0
0.3778331386413099  0.0
0.49012887808636074  1.0
0.4941470204108162  1.0
0.494208193043791  0.0
0.49176715231053686  1.0
0.3812986813715748  1.0
0.4916286529908318  0.0
0.48900712220320003  1.0
0.49398851047077014  1.0
0.49164312537703286  0.0
0.49176076390322393  1.0
0.49426868388515505  0.0
0.49168302625615673  0.0
0.49006057288536925  1.0
0.4917102169639062  1.0
0.48766824224677857  1.0
0.49241236222821677  0.0
0.4936027138722743  1.0
0.48943376560808804  1.0
0.49322986411689534  0.0
0.4942286520843929  1.0
0.4921427512302525  1.0
0.4943117287399393  0.0
0.42733004843403166  1.0
0.491726771898366  0.0
0.49158126444915845  0.0
0.46261109301402914  1.0
0.49466355705411047  1.0
0.4916507136540854  0.0
0.4942197185736218  0.0
0.38295631390900947  1.0
0.4916739546457093  1.0
0.4915638756752887  1.0
0.4917636621833238  1.0
0.49168052651140687  0.0
0.4916529450033692  0.0
0.48875573358060026  0.0
0.48894590518109665  1.0
0.49160179391545367  0.0
0.49029014344449967  1.0
0.4914624998997969  0.0
0.4941685452054792  0.0
0.49166942266790653  1.0
0.49278614109900903  1.0
0.4892052951811182  1.0
0.48880486767861714  0.0
0.49417189108179754  0.0
0.49162968983106636  0.0
0.49167737949312906  0.0
0.49154655633381417  0.0
0.49263243248656335  0.0
0.49012093970565856  0.0
0.49164675060961555  1.0
0.49164384149885726  1.0
0.4934780612025748  1.0
0.49166914987952737  0.0
0.48945432222472496  1.0
0.4915661625843983  0.0
0.4085932938174092  0.0
0.4915832846754792  0.0
0.4938867122224537  0.0
0.4941585705743878  1.0
0.4916447559283704  1.0
0.4916801833285932  0.0
0.489340480801244  0.0
0.488887693900511  1.0
0.48731130772504927  1.0
0.48880964688775386  1.0
0.4897650707663269  1.0
0.495525235715584  0.0
0.49166431070276484  0.0
0.46141524525353866  1.0
0.48847735190705244  0.0
0.49181656043444527  0.0
0.49161567017193697  0.0
0.4919489361865062  0.0
0.49420423861995805  1.0
0.49425072108023177  0.0
0.4916801361187394  0.0
0.49171987437583253  1.0
0.2811116062445843  1.0
0.49170885896218375  1.0
0.4917712874330194  1.0
0.4916724940440639  1.0
0.49411016304902805  1.0
0.49417472109820404  0.0
0.48899820753105294  0.0
0.49162868916230784  0.0
0.49160538181585817  0.0
0.37017033428082613  0.0
0.4895939263885503  1.0
0.48871287251786955  1.0
0.4915612808998547  1.0
0.38239061769503907  1.0
0.392920819081047  0.0
0.4917003273522414  1.0
0.49356607298439015  1.0
0.4917186255559889  1.0
0.4916690777382792  1.0
0.49174450709343964  1.0
0.4916312550559041  0.0
0.36937786954253493  1.0
0.4896367481858193  1.0
0.49154654349638166  0.0
0.49170157154366495  0.0
0.49346172975549435  0.0
0.4916540822556812  0.0
0.48925243846091804  1.0
0.49345423403892885  1.0
0.4891844685875735  1.0
0.4916765798594444  1.0
0.49162390573694054  0.0
0.4941512514528609  1.0
0.49154151366739557  0.0
0.49416454887639666  0.0
0.4915333508523451  0.0
0.49161009650516035  0.0
0.4916013973213311  1.0
0.37801509875897005  0.0
0.4944493822697334  0.0
0.4884652353371399  0.0
0.49339893895219533  1.0
0.4916059469522637  0.0
0.4386729028300531  1.0
0.49163701396857684  1.0
0.4886876042733111  0.0
0.491797937375265  1.0
0.49429537444315413  0.0
0.4933129894690581  0.0
0.4916633681708107  1.0
0.48779047140416876  1.0
0.4916439778042931  0.0
0.4895462773100662  1.0
0.49422969297615255  1.0
0.4920849999797827  1.0
0.4901492542004176  1.0
0.49160517040260576  0.0
0.3793765784530846  1.0
0.4915763813618894  1.0
0.49345766657009277  1.0
0.4881702977839896  1.0
0.49159439546401096  1.0
0.4916985864640154  0.0
0.4917595188238029  1.0
0.48906768159481484  0.0
0.4941383770637011  1.0
0.4889714026187772  1.0
0.49117619343198193  1.0
0.48839832348350215  0.0
0.49414794946064833  1.0
0.4926812124568074  1.0
0.4915733812226442  0.0
0.489079177336764  0.0
0.49356232220038515  1.0
0.4917108574498851  0.0
0.4942296124459785  1.0
0.488448384646071  1.0
0.4941824782773048  0.0
0.4916420004463176  1.0
0.4942184260526067  0.0
0.4942196809699657  1.0
0.48877955217098096  0.0
0.4914778909390944  0.0
0.4918854512735344  0.0
0.4888166989851842  1.0
0.48880920180931847  1.0
0.48966499264217955  0.0
0.4939275241192748  1.0
0.4943346860544508  0.0
0.3767261227479685  0.0
0.49139855745812994  0.0
0.49172490163510446  1.0
0.4887759604686342  0.0
0.48864242093262794  1.0
0.49153411006196573  0.0
0.4307742646711444  1.0
0.4887854762769947  1.0
0.48844225476317216  1.0
0.4916616927497118  1.0
0.47852376239765493  0.0
0.37773029197043034  0.0
0.4917629764037237  1.0
0.49157872700924476  0.0
0.49167685546513457  1.0
0.48915611311036195  0.0
0.4916805141407409  0.0
0.4876185274651298  1.0
0.4916309367502934  1.0
0.4941801490792489  0.0
0.49162968730815043  1.0
0.49178236121742086  1.0
0.4917552932272774  1.0
0.4934342297713868  0.0
0.49342915477277294  1.0
0.4939713016078222  1.0
0.489091534634249  1.0
0.4916229984993745  1.0
0.4942424513768611  0.0
0.49164955173862873  0.0
0.49420342793939037  0.0
0.48757852144760194  1.0
0.49419800543095255  0.0
0.49166304974708636  0.0
0.49164709141900864  0.0
0.49375421045319173  1.0
0.48996154504405304  0.0
0.49427596840661786  0.0
0.49168026117293834  1.0
0.4916097461887879  0.0
0.38047756475511624  0.0
0.48760187457582865  1.0
0.48889984479765597  1.0
0.4887892781355679  0.0
0.49419044786694843  0.0
0.4942293511995048  0.0
0.4946353121162074  0.0
0.4916680924864459  1.0
0.4876496491989155  1.0
0.4874225860109792  0.0
0.4877193099839023  0.0
0.49174321049990105  1.0
0.4916293626666036  0.0
0.49169982459426387  0.0
0.4916783621386496  0.0
0.41208885758668207  0.0
0.38141117913628175  0.0
0.493442899733678  1.0
0.493586841286192  1.0
0.49414991861299673  0.0
0.49171184894128717  1.0
0.4917524235788109  1.0
0.4633691233728293  1.0
0.48881628409489947  0.0
0.4934317485804966  1.0
0.4935797689216004  1.0
0.4875415583625671  0.0
0.4670324126902562  1.0
0.4916108571523417  0.0
0.4941804395560022  1.0
0.4941978626772052  1.0
0.4874170110270281  0.0
0.49419570252518047  0.0
0.4915900559601857  0.0
0.4873144930964375  0.0
0.48867409489798164  1.0
0.4939607691041254  0.0
0.4916640839669007  1.0
0.4892730907918669  1.0
0.4896104089553759  1.0
0.4935679251403519  1.0
0.4917885795968856  1.0
0.4918162010577577  1.0
0.49399775513291905  1.0
0.3985517212356322  0.0
0.49157139924122295  0.0
0.4895803827020467  1.0
0.48907200630136993  0.0
0.4941690071079765  0.0
0.48799285128294034  1.0
0.4916072192274208  0.0
0.48926791072893344  0.0
0.4941132913353197  0.0
0.46398258034676654  1.0
0.43462607420942856  0.0
0.48953607136669436  1.0
0.49177311037840493  1.0
0.49026453434607314  1.0
0.491666534484603  1.0
0.4940222458696223  1.0
0.4917811219962057  0.0
0.4938850043969952  0.0
0.49176214664144985  1.0
0.4876626063211661  1.0
0.49159081796206056  1.0
0.49169864288956894  0.0
0.4887855985265244  0.0
0.4942335439331833  1.0
0.4937565731188446  1.0
0.4645690269192768  1.0
0.4886240660269942  0.0
0.4941650900651445  0.0
0.49269122803650733  1.0
0.4935864339117052  1.0
0.49342198155334543  0.0
0.49163689913643893  0.0
0.4942033875685595  1.0
0.4894756285985776  1.0
0.49176229142673344  1.0
0.4875843997871816  1.0
0.49163942273753647  0.0
0.4939877077564129  1.0
0.49384359784576654  1.0
0.46377600721487544  0.0
0.49161980548859885  1.0
0.49166974009827  0.0
0.4940896556529439  0.0
0.49416506793349274  0.0
0.49174784547234823  1.0
0.49157219787025846  0.0
0.49181388467802695  1.0
0.49174560001516326  1.0
0.49347466018964276  1.0
0.4941586511962232  0.0
0.48891372201768324  1.0
0.49161769802991945  0.0
0.49357659499514456  1.0
0.49159298228116644  0.0
0.4917260483329261  1.0
0.4878260363224015  0.0
0.494124362566238  0.0
0.48756554498495314  1.0
0.48760932924660877  1.0
0.4916610850162598  0.0
0.37748832303888763  0.0
0.4916647443645283  0.0
0.49418619444828593  1.0
0.48995381216238465  0.0
0.487742078803827  0.0
0.4941756354481422  0.0
0.4917305250092916  0.0
0.4939558359493502  1.0
0.4939659467592176  0.0
0.49181804686578445  1.0
0.4935871947566091  1.0
0.4874836399043359  1.0
0.4916052627701855  0.0
0.3838833657855621  1.0
0.38799368052192  1.0
0.49424945202953274  0.0
0.48877610344779865  0.0
0.4890008535515226  0.0
0.49157935576867223  1.0
0.4723382399033305  1.0
0.49434394566876794  1.0
0.4917479090815564  1.0
0.4941373668237284  1.0
0.4916570524459297  0.0
0.4886356970635671  0.0
0.4923744686962812  0.0
0.48870457181374527  0.0
0.4940140229814754  1.0
0.48949233941709497  0.0
0.49344148792722087  0.0
0.4916488486285442  0.0
0.4885095636708573  1.0
0.4938495783971544  0.0
0.48880599258039026  1.0
0.3798960154950934  1.0
0.4917330448743764  1.0
0.4916646865512779  1.0
0.28233668243253124  1.0
0.4915741407370921  0.0
0.49260124179687664  0.0
0.4794816727562845  0.0
0.38087704751212076  0.0
0.49155415178060785  0.0
0.41250124436548286  1.0
0.49164494973278744  0.0
0.49161723339167857  1.0
0.4889792315919646  0.0
0.49038418345768403  1.0
0.4934241520166481  1.0
0.4888969939289766  0.0
0.37525271744863137  1.0
0.4916445631983242  0.0
0.49171415679123354  1.0
0.4940822013063615  1.0
0.49161070661539696  0.0
0.47696832268403105  0.0
0.48718043245500764  1.0
0.49411203878172605  0.0
0.4917794761954707  1.0
0.49172317668477045  1.0
0.49162042923068705  0.0
0.41025256276102395  1.0
0.49417141641113893  1.0
0.4916550861991495  0.0
0.40677889780450927  0.0
0.42467402381563857  0.0
0.48867832326235056  0.0
0.3789778294524003  1.0
0.49160289915638256  0.0
0.49159788526848636  0.0
0.49160282924879545  0.0
0.4934377205667007  1.0
0.4712761783524201  1.0
0.49358265559707337  1.0
0.4878447621473195  0.0
0.49164892712828945  1.0
0.28957378617737567  0.0
0.4915652006421076  1.0
0.49431227142675865  0.0
0.49358551971092357  1.0
0.4891927472808208  1.0
0.4942553533331852  0.0
0.4917158920406941  1.0
0.49165190739795256  0.0
0.49162873184187594  0.0
0.49160959361963774  0.0
0.4877641081167486  0.0
0.4889034023865342  1.0
0.4915734676544138  0.0
0.4132035934903232  0.0
0.4916517293036282  0.0
0.49213912571109475  1.0
0.49160944454024136  0.0
0.48956553566575006  1.0
0.4916961812811859  0.0
0.48741717054894734  0.0
0.4942132104866407  0.0
0.49172276501289686  1.0
0.4891091129698305  0.0
0.4917405920414895  1.0
0.4916576605210737  0.0
0.4878593449135992  1.0
0.49431892693175095  0.0
0.3795798638591667  1.0
0.48941867620349544  0.0
0.49157552387727704  0.0
0.4916706973696938  0.0
0.4917364816296218  1.0
0.4940252335373527  0.0
0.4941715083482308  0.0
0.49182066912075456  1.0
0.4875313124759913  1.0
0.4916138921340279  0.0
0.49174012586894145  1.0
0.49348607733188293  1.0
0.37968357471054687  1.0
0.49164204919115134  0.0
0.4874970040467165  1.0
0.49359020031909906  1.0
0.4916821884130142  1.0
0.4916698854425955  0.0
0.49317658927385816  1.0
0.4915779398011343  0.0
0.48861127319197317  0.0
0.4916740022753588  0.0
0.4916182496040287  0.0
0.49318396072520504  1.0
0.4941136445377604  0.0
0.4915961848491406  0.0
0.4918418069524569  1.0
0.4339453002071076  0.0
0.4942168378140278  0.0
0.4337925039342599  0.0
0.49174474301282745  1.0
0.4886855641771301  0.0
0.49159121352302826  1.0
0.4916470239454908  0.0
0.4917573211352629  1.0
0.49006706415412765  1.0
0.4934891263921132  1.0
0.4917080011005491  1.0
0.4941856376893473  1.0
0.49334816218398225  1.0
0.4916633463639228  1.0
0.4935754862779843  1.0
0.49421594220348775  1.0
0.4892214833757274  0.0
0.4890084405660066  1.0
0.480084226084993  1.0
0.4916807683222153  1.0
0.4916650980169839  0.0
0.49164620719426966  0.0
0.4917293831511027  1.0
0.49173093819198527  1.0
0.4939966282696621  1.0
0.380914843869934  1.0
0.41262115524789356  1.0
0.4940688492540823  1.0
0.4875326766947107  1.0
0.4874825451698235  0.0
0.49164344730573983  1.0
0.4917661131257019  1.0
0.4941436764328701  0.0
0.49163465164698383  0.0
0.4915909134732775  0.0
0.4883866303387209  1.0
0.4899459287342588  0.0
0.49357542254989495  0.0
0.49338066309949224  1.0
0.48928905035708686  1.0
0.4891658448473469  1.0
0.4935841829474308  1.0
0.4934667772704493  1.0
0.49157077920606174  0.0
0.48742462879959586  1.0
0.49418334336112646  0.0
0.37758123217474515  1.0
0.4790768765968872  1.0
0.49260749422964406  0.0
0.49176259671335587  1.0
0.28184070420264534  1.0
0.4872407774811271  0.0
0.4916485747455656  0.0
0.4885991249400026  0.0
0.49388132344640223  0.0
0.4915500871310447  0.0
0.49174338547127017  0.0
0.49418941256866233  1.0
0.49165276124022356  1.0
0.487571842410345  1.0
0.48942580338998376  1.0
0.3809695141069872  1.0
0.48709121456672855  1.0
0.4902768299598443  1.0
0.4941988989262631  1.0
0.49162940364143054  0.0
0.4887806468565904  0.0
0.49162950934920996  0.0
0.4893620402747983  0.0
0.492743097532602  0.0
0.4888232106475825  0.0
0.4916243639839528  1.0
0.4914573558582562  0.0
0.4918083427174659  1.0
0.4940832145929862  1.0
0.49158408312818336  0.0
0.49170114527435244  0.0
0.4939277668276612  1.0
0.49425942400485107  0.0
0.4935401916180308  1.0
0.4893772080115332  0.0
0.49162861047793494  0.0
0.494123146289862  0.0
0.49435542823994244  0.0
0.38379617959126583  1.0
0.46226863475234165  1.0
0.4941769722474528  0.0
0.49162117192793553  0.0
0.49180535832718736  1.0
0.4941273674703297  1.0
0.48895099482760407  1.0
0.4916258398132096  0.0
0.49164463167406103  0.0
0.49165889004898317  1.0
0.4895821841868345  1.0
0.49162965899491534  1.0
0.491703107177844  0.0
0.49338246712502454  0.0
0.487916069808844  0.0
0.4935063928905223  0.0
0.48872716975401553  1.0
0.4917154350112904  1.0
0.4887731005116955  0.0
0.4914916495145654  0.0
0.49164679491444024  1.0
0.49171573711917427  1.0
0.49165608281879597  0.0
0.48748232493574906  0.0
0.38391522053992155  0.0
0.4898534660631732  1.0
0.4888941383263549  0.0
0.48861678442277373  0.0
0.4916109027361008  0.0
0.48892326639750205  1.0
0.4940996572777252  0.0
0.4886345293429152  1.0
0.4944011741322832  1.0
0.36721275723110947  1.0
0.4915671707497627  0.0
0.4889743444434762  1.0
0.4937451411865635  0.0
0.48913538416667945  1.0
0.4934639159050976  1.0
0.4916416773725316  0.0
0.49433261337361145  1.0
0.4877049403821133  0.0
0.49169855809950447  1.0
0.4915767269171497  0.0
0.48794047527155393  1.0
0.49159887781544503  0.0
0.469958567940766  1.0
0.49374512317508185  0.0
0.49170013588753064  0.0
0.4934610356275353  0.0
0.4916689919081321  0.0
0.4877294469622674  1.0
0.49164246989169347  0.0
0.4885560401458377  0.0
0.3836342105271653  1.0
0.4915579960711022  1.0
0.49413642904142197  0.0
0.4942506593492752  0.0
0.4941655853489708  1.0
0.49161466402401305  1.0
0.4024389979174942  1.0
0.49417578955032293  0.0
0.4916999927458274  1.0
0.49073938443302945  1.0
0.48800263451041914  1.0
0.49158829857518505  1.0
0.4890645865021326  1.0
0.49420917528516606  0.0
0.48863567604148084  0.0
0.4916779836005288  1.0
0.38181124516238063  1.0
0.4892712262389632  1.0
0.4914752209466459  0.0
0.49167649840014144  0.0
0.4886444747747839  0.0
0.48943080512187936  1.0
0.48933687231682566  0.0
0.49159969245258234  1.0
0.49388369244314595  1.0
0.4917223491193364  1.0
0.4916075782312578  0.0
0.4940001998841925  0.0
0.4886406341890982  0.0
0.49163731186983217  0.0
0.4934292380375932  0.0
0.4916703736984377  0.0
0.4944030763652938  0.0
0.4916818990858508  1.0
0.42936766145856553  1.0
0.48759636332243617  1.0
0.49171505244182073  0.0
0.49399218161661423  1.0
0.4918225744210702  1.0
0.49162228601836894  0.0
0.4916420738151135  0.0
0.46629136513046693  0.0
0.4933741583323479  0.0
0.491649115594099  0.0
0.49415864500106416  1.0
0.49428735082735015  0.0
0.49399979948346245  1.0
0.49164335963573297  1.0
0.27865721958572864  1.0
0.4916626840189689  0.0
0.4886547624015111  1.0
0.49173366945308045  1.0
0.4942297059680277  1.0
0.48988205310908467  0.0
0.4915505432391931  0.0
0.4915999607714223  0.0
0.49191046705693187  0.0
0.49349962375197676  1.0
0.46674520511569906  0.0
0.19320361189231708  0.0
0.49152625693127955  0.0
0.4894042730270868  0.0
0.49417502892142157  1.0
0.493583336179565  1.0
0.49155210708969804  0.0
0.4914789410514479  0.0
0.4917155929007019  1.0
0.4941317420370374  1.0
0.47979400775282366  1.0
0.4944924468374647  0.0
0.49423350120390114  1.0
0.49155346715039727  0.0
0.49156999867694134  0.0
0.49433820138430595  1.0
0.49283621971866964  0.0
0.49157974944546234  0.0
0.4895566015291223  1.0
0.3791386863357613  0.0
0.48902245339100536  0.0
0.49420806500978287  0.0
0.48969886258073075  1.0
0.49161178343798695  1.0
0.49441221561172566  1.0
0.49418039770134004  1.0
0.4935724898239591  1.0
0.49348839671748995  1.0
0.49174392569905656  1.0
0.43051791203082473  1.0
0.491610791601807  0.0
0.49162547423791864  1.0
0.3805175697362739  0.0
0.49179595505866935  1.0
0.3787010287922346  1.0
0.3797262890438706  1.0
0.4916776934016031  1.0
0.49163210953758396  0.0
0.4888512735775508  1.0
0.48983630204464956  1.0
0.4889600096884527  0.0
0.4167538078496365  0.0
0.4890008911252555  1.0
0.48972538890944484  0.0
0.49342968891979927  1.0
0.378550224610608  1.0
0.4916801796146795  0.0
0.4933532049247031  0.0
0.4916076030893117  0.0
0.4915856102195434  1.0
0.494333264018864  0.0
0.49168112751393717  1.0
0.49171905525202536  1.0
0.4890476071177928  0.0
0.49420030303470747  1.0
0.4955432951414176  0.0
0.4899568595262732  1.0
0.49306468725853425  0.0
0.4942131458096759  0.0
0.49420831522686365  0.0
0.49420779097103845  0.0
0.4901715409522573  0.0
0.4069194040268009  0.0
0.48887094020416455  0.0
0.49175036420824825  1.0
0.48902082789246787  0.0
0.494136115553079  0.0
0.4935713011922318  1.0
0.47814383060316246  1.0
0.49375323704789686  1.0
0.4874525350601645  1.0
0.49163295914910876  0.0
0.49410540382166923  1.0
0.47926831418625077  1.0
0.48868162831521245  1.0
0.4915707731007509  0.0
0.4917300328836972  1.0
0.4942106229934915  0.0
0.4944059956000684  1.0
0.4888001061474968  0.0
0.4079546787703524  0.0
0.46262954824336244  0.0
0.48838269448199984  0.0
0.4873487543531593  0.0
0.38571410722641275  1.0
0.4940170691807659  0.0
0.4934517746768558  1.0
0.4902336682484088  1.0
0.4942934023409371  0.0
0.488862746574159  0.0
0.46112357130286935  0.0
0.4063111740599294  1.0
0.49420833276705123  0.0
0.4874419882171067  1.0
0.4940060883865079  1.0
0.49401187194878693  1.0
0.4934789877880712  1.0
0.3792116869533539  0.0
0.4917419758820333  1.0
0.4893779527836195  1.0
0.4916275640661996  0.0
0.4621131379292702  0.0
0.4935959328014906  1.0
0.4935748400428989  1.0
0.49409722674298434  0.0
0.49167727001979145  0.0
0.49255402923820507  0.0
0.4898100002847111  1.0
0.48867442734487915  1.0
0.4879349166922521  0.0
0.48962842193451966  1.0
0.49413737004781205  0.0
0.4895815570409298  0.0
0.48920369384185963  1.0
0.489622811080555  0.0
0.4941406772068482  1.0
0.49162444627190965  0.0
0.49416202146728927  0.0
0.4916659121566326  0.0
0.49398203429095894  0.0
0.4896136457203419  1.0
0.49168795808395316  0.0
0.42685653306548255  1.0
0.4916061808064341  0.0
0.4914849156577895  0.0
0.49160757675794586  1.0
0.47578958525896936  0.0
0.48738985194698564  1.0
0.49161814641239027  0.0
0.49412643978979476  0.0
0.40990000777389196  0.0
0.407875291203435  0.0
0.46211893519070285  1.0
0.49418296356527913  0.0
0.4917909123450786  1.0
0.48872587399509565  0.0
0.49159416460676625  0.0
0.4916310453735064  0.0
0.4916279560518703  0.0
0.48867034847695123  0.0
0.49356447789816815  1.0
0.4916345600241122  1.0
0.49170623064087526  1.0
0.49357717391831696  0.0
0.4934741052724896  1.0
0.37749428397272444  1.0
0.4915855543692257  1.0
0.49340391563515257  1.0
0.4916214800863597  0.0
0.4885374661349565  0.0
0.49291534339406506  1.0
0.4901692540439234  1.0
0.4916521083620929  0.0
0.49167854662498606  1.0
0.4888503884548831  0.0
0.4916120115842183  0.0
0.48836283719599854  0.0
0.49417653419380003  1.0
0.49421820354634177  1.0
0.49418512244621  0.0
0.4939289701680248  1.0
0.45885038554307167  0.0
0.41052544190884627  1.0
0.4935826672835583  1.0
0.4915943271298601  0.0
0.4935744169485696  1.0
0.49167883266214135  1.0
0.4943185579034018  1.0
0.49337926476892047  0.0
0.4940818754180255  1.0
0.4938830820645929  0.0
0.49424240622334586  0.0
0.4916981122002796  0.0
0.4941224972395085  0.0
0.4916810981715674  1.0
0.4935755055344228  1.0
0.4888521608821646  1.0
0.49165844424941757  1.0
0.4935840155461195  0.0
0.49359887482923137  1.0
0.49375340814689733  1.0
0.49158742039564485  0.0
0.4942127172276483  1.0
0.4874526599772308  1.0
0.49421197250613186  1.0
0.49164516436768857  0.0
0.4934028902294934  0.0
0.48809851426447554  0.0
0.45198759316861586  1.0
0.4932220588924335  0.0
0.43937959264582666  0.0
0.49157282051253637  0.0
0.49351153219658817  1.0
0.4890216838183528  1.0
0.48889588062645606  0.0
0.4917286360122783  1.0
0.4917969450718843  0.0
0.4884254951848567  1.0
0.4915833460529796  0.0
0.4916574111733289  1.0
0.4892400051008403  0.0
0.4938823700645342  0.0
0.49158467532105193  0.0
0.4916389492116104  1.0
0.4892339055279357  0.0
0.48920423975976723  0.0
0.4915701730576895  0.0
0.494132385296802  0.0
0.4935502993789596  0.0
0.3821569203686649  1.0
0.4941824686341951  0.0
0.49166650210393115  0.0
0.4941450804319317  1.0
0.4916425476185859  0.0
0.49160982106245066  1.0
0.41296917435885405  1.0
0.48918634652555154  0.0
0.49344147062280935  1.0
0.49164547892450694  0.0
0.4916890499676478  1.0
0.48786966556350636  1.0
0.3817452747806693  1.0
0.491446506093402  0.0
0.4916294800980349  0.0
0.4941438162657951  0.0
0.4941751716311632  0.0
0.4893318631265819  0.0
0.4893409142167294  1.0
0.49425599616735244  0.0
0.3803588809098903  1.0
0.49163242145153574  0.0
0.4942658736472423  0.0
0.49345015110873475  0.0
0.3825648200637837  1.0
0.4891829540803721  1.0
0.4628516131353284  1.0
0.4891406667252649  0.0
0.4884304209827793  0.0
0.4915511345107571  0.0
0.4935951857987347  1.0
0.4916331774538066  0.0
0.48714264812096153  1.0
0.4874793304599562  0.0
0.48881596297988505  0.0
0.49046177706653943  1.0
0.49341413185966504  0.0
0.4941788148988213  1.0
0.4941746942577842  0.0
0.48807661095130234  1.0
0.49145761195875304  0.0
0.491267934837503  1.0
0.49162934596181385  0.0
0.49164318161471  0.0
0.4941729871895514  1.0
0.4889922316626689  0.0
0.48836240093896516  0.0
0.4759873511403258  1.0
0.49164487970013543  1.0
0.49257078718589914  0.0
0.4898729297182705  1.0
0.49415841302264774  1.0
0.4914975297266244  0.0
0.4890758409553573  1.0
0.49162524719986744  0.0
0.4917109578242235  1.0
0.37914176087841905  0.0
0.49157261485719594  0.0
0.491530902479019  0.0
0.3762972200403781  0.0
0.4916765437510371  0.0
0.49160222911500345  0.0
0.49421797682834623  0.0
0.4894814272424443  0.0
0.4942611331521529  0.0
0.49170337757682064  0.0
0.488766407293472  0.0
0.4916304463033804  0.0
0.38137726437375086  1.0
0.4881128958667515  1.0
0.49163155311063605  0.0
0.49163998839944373  0.0
0.48922592071039966  0.0
0.4941470495436634  1.0
0.49039370116103875  1.0
0.49177316066771987  1.0
0.4942136769191572  0.0
0.4916037301812234  0.0
0.4937451960609971  1.0
0.48717460729815354  0.0
0.4289974583866634  1.0
0.4941585997201191  1.0
0.48848606804854866  1.0
0.4916340469242266  1.0
0.48926376645607345  0.0
0.49163622375550675  0.0
0.493580782568494  1.0
0.49342517605170505  1.0
0.49137401604025216  0.0
0.4915046277601236  0.0
0.49236177481161836  0.0
0.4940986289885377  1.0
0.4894604865737042  1.0
0.49358337115364054  1.0
0.4916319279737863  0.0
0.46361240457585867  0.0
0.48904414694492443  0.0
0.49384779867457823  1.0
0.49164475122920975  1.0
0.4935982304382395  1.0
0.4942131046628881  1.0
0.49435156940163555  0.0
0.49291037404328414  0.0
0.49169426826534274  1.0
0.4915960872420218  0.0
0.49166667983417106  1.0
0.4879110343294618  0.0
0.4893448718914719  1.0
0.48884852408660684  0.0
0.4915058941634154  0.0
0.4110225419413838  1.0
0.49421808949371027  0.0
0.4940992206809088  0.0
0.48745860563000215  1.0
0.48908277671210126  1.0
0.43104340953875264  1.0
0.4891290693374047  1.0
0.49433101764470255  1.0
0.49159870201645706  0.0
0.4890815346954829  1.0
0.4941999182105724  1.0
0.40888751531689316  0.0
0.49164880616586315  0.0
0.4890258926823072  0.0
0.4894521463589019  1.0
0.49174389127817747  1.0
0.488357409135908  0.0
0.48919236380480946  1.0
0.4941084200573786  0.0
0.4935722720663896  1.0
0.49340000866691197  0.0
0.4924547178870672  0.0
0.49388362348483783  0.0
0.4941312626072491  0.0
0.4916226995378946  1.0
0.48952219351232407  0.0
0.49165273987241287  0.0
0.2827085223541268  1.0
0.4941684260655801  1.0
0.48962325725871014  1.0
0.4942772672250369  0.0
0.4942163392843172  0.0
0.4890239158220444  0.0
0.4916780454718473  0.0
0.4928165224777636  1.0
0.49373899500656704  1.0
0.49338908846388474  0.0
0.46687038101954126  1.0
0.49143927264250914  0.0
0.4876188007119253  1.0
0.4915904803330768  0.0
0.49170413110083444  1.0
0.4940623559770021  0.0
0.4896079210371256  1.0
0.48750406281909076  1.0
0.40874175356153836  0.0
0.48930532959600115  0.0
0.3785303228162005  0.0
0.4916181756724812  0.0
0.4916147170031755  0.0
0.4916062716590434  0.0
0.4917714723043016  1.0
0.49167244028952456  1.0
0.38321147472642736  1.0
0.49358970976742106  1.0
0.4942386757876786  0.0
0.49432850820119956  0.0
0.4916448683105567  0.0
0.48947159567401566  0.0
0.4886778497505171  0.0
0.4915782171601095  0.0
0.488995885455832  0.0
0.4916368594145332  0.0
0.4955209071708775  1.0
0.4888629074982591  0.0
0.46001772675726943  0.0
0.48896162279051136  1.0
0.49174706202412743  0.0
0.4941985041223992  1.0
0.4916152090255076  1.0
0.49156638448325235  0.0
0.4916864645181817  0.0
0.49161724998325695  0.0
0.41204590780020706  1.0
0.43675540991110345  0.0
0.4916053225755843  0.0
0.493883397719343  0.0
0.3815557638460797  0.0
0.4941540289034449  0.0
0.4917209848204142  1.0
0.4904642704566059  0.0
0.491679355361685  0.0
0.493391263830339  0.0
0.4935693492209659  1.0
0.37962675323991574  0.0
0.4937473282236279  1.0
0.491688066674189  1.0
0.4935611345565443  1.0
0.4924606062403653  0.0
0.4941247694474446  0.0
0.49271532391756895  0.0
0.4942530755714196  1.0
0.49413137164529536  0.0
0.491555518908216  0.0
0.49162866514897435  0.0
0.493233912028726  1.0
0.49342062434220973  0.0
0.4917160306540314  1.0
0.3752479930029586  0.0
0.2795451800468743  1.0
0.49151517652017396  0.0
0.43264388567756906  0.0
0.48780927299156635  1.0
0.49163024978522174  0.0
0.49165717638730566  0.0
0.491572777897313  0.0
0.49176538671018954  1.0
0.49359717155256205  1.0
0.4916549204171289  1.0
0.4939941158986632  1.0
0.49153445535958834  0.0
0.49165779478372856  0.0
0.49162545928288426  0.0
0.49175735933947956  0.0
0.4915758051541547  0.0
0.4916601364200026  0.0
0.49417616631958156  1.0
0.4054677031743047  1.0
0.37948709529126085  0.0
0.4933348834861858  0.0
0.4941862680425813  1.0
0.4887461230533824  1.0
0.49166479068477964  0.0
0.4893027310126692  1.0
0.49163878462092575  0.0
0.4942230636802666  0.0
0.49149776467927403  0.0
0.49375731957412505  1.0
0.49338210913718006  0.0
0.49167652607275397  0.0
0.48917551977376567  1.0
0.491610127016923  0.0
0.4884304343229218  0.0
0.49388724351869934  1.0
0.4880448603567582  0.0
0.48680745334248465  0.0
0.49168477774746805  0.0
0.4938928919448253  1.0
0.49411225030073774  1.0
0.47075017115807893  1.0
0.37341237352996065  0.0
0.4916573035091074  0.0
0.4916680958053942  0.0
0.49158626585100845  0.0
0.49406205567764233  1.0
0.49164137597380847  0.0
0.4916645491659093  0.0
0.49159792440509464  0.0
0.49419449922401154  0.0
0.4896366620935596  1.0
0.49176052633417344  1.0
0.49207144933805136  0.0
0.410045572826181  0.0
0.49382913497265196  0.0
0.4933963910138218  0.0
0.4939788550181364  1.0
0.41050965573222603  1.0
0.49163867887935353  0.0
0.49162233922752197  1.0
0.4886325445957093  0.0
0.4917036867349078  0.0
0.49419002949227053  0.0
0.49451107419904755  0.0
0.49172463351783613  1.0
0.4895645170744001  1.0
0.4898385267876869  0.0
0.49177431318211084  1.0
0.4934469460388696  1.0
0.3969890760176347  0.0
0.4915372150004853  0.0
0.4803204990195904  1.0
0.4940083453147879  1.0
0.49426363766128234  1.0
0.49337786861198213  0.0
0.4884751434702212  1.0
0.49149895022949164  0.0
0.4915804451353754  0.0
0.4878061220736373  0.0
0.4901200257747904  1.0
0.4775501870313536  1.0
0.4941477669916473  1.0
0.4883125475060011  1.0
0.4916090473732836  0.0
0.4089204211821016  1.0
0.3692413501049564  0.0
0.37717825592705645  0.0
0.3799996527104907  1.0
0.49170139410074576  0.0
0.3788690173196917  1.0
0.4942180926145797  0.0
0.4901394951476277  0.0
0.49049888508183825  1.0
0.49352679900248886  1.0
0.49357803959647784  1.0
0.49388261204431216  1.0
0.491604015813791  0.0
0.4916071629464078  0.0
0.4934170552318695  0.0
0.4914392103172734  0.0
0.4915783891433551  0.0
0.49343294443216945  0.0
0.49159852390330405  0.0
0.49266720434253836  0.0
0.48903186683496375  0.0
0.48857045723743087  0.0
0.36224972895914237  0.0
0.4916534853483528  0.0
0.49578743105712425  1.0
0.4916399091605593  0.0
0.4936019336596571  1.0
0.49163434488941726  1.0
0.48900102012027746  0.0
0.48863554375625307  1.0
0.4098755537623472  1.0
0.4000069215911858  1.0
0.3788639674202368  1.0
0.461698795080431  0.0
0.4916635401514396  0.0
0.4881587316075432  0.0
0.4915085198061265  0.0
0.49421815546666054  0.0
0.48994155011075685  0.0
0.49155905966262936  0.0
0.4941497765774667  0.0
0.49166033108506424  0.0
0.4926004794414173  1.0
0.4914822508558103  0.0
0.48916299839923566  0.0
0.49175261857152336  0.0
0.4942462459311264  0.0
0.4941519055316379  0.0
0.4934049617546625  1.0
0.49175115822499577  1.0
0.48995872195321843  0.0
0.49168055333060146  1.0
0.46738409300732225  1.0
0.49151203936852794  1.0
0.49161901830632765  1.0
0.48885459309387036  1.0
0.4902407610891433  0.0
0.49160805435129706  0.0
0.49374655947074253  0.0
0.4941205879428445  0.0
0.48933530010542764  1.0
0.4939289608775563  1.0
0.4878817393208734  0.0
0.49160320323926543  0.0
0.4934667613667481  1.0
0.4889029748592493  0.0
0.4632332916697241  0.0
0.3799943983821027  1.0
0.4934766411133403  0.0
0.49418627575846924  1.0
0.41530434435486435  1.0
0.4888897320505846  1.0
0.4888762194197522  1.0
0.49172248794414997  1.0
0.49419101012646516  1.0
0.494272446955561  0.0
0.4887520160248771  1.0
0.4686746199609621  1.0
0.4890589729747088  1.0
0.4900200576919856  1.0
0.4891610488701726  0.0
0.4916005263333111  0.0
0.38262669968525903  1.0
0.4871052408630586  0.0
0.47656870151841557  1.0
0.49345098985248753  0.0
0.49159666808893965  0.0
0.46282207086619226  0.0
0.49415279371021414  0.0
0.49384117912781045  1.0
0.4891325151252526  0.0
0.4916862381332222  0.0
0.4915527388607927  1.0
0.48877772387028967  1.0
0.4834938264695603  0.0
0.4917518753214186  1.0
0.4917142780321575  0.0
0.48936090010896965  1.0
0.4890553841733205  0.0
0.48884274046191045  0.0
0.4915700024589366  0.0
0.4915769093906767  0.0
0.491643871011644  0.0
0.38031849331955264  1.0
0.4916483285153237  1.0
0.4916857181449951  1.0
0.4886573447125909  1.0
0.48917592230408785  0.0
0.4915772872831841  0.0
0.4886352081667036  0.0
0.4935751405493244  1.0
0.489072127182505  1.0
0.49164725443105795  0.0
0.49490552021672446  0.0
0.49161835800062526  0.0
0.48893263931671554  1.0
0.4945360037995615  0.0
0.4888448008302154  1.0
0.4938826404853963  0.0
0.49399695097273505  1.0
0.4916156349870915  0.0
0.48943346693916323  1.0
0.4942179281342046  0.0
0.49160150163793703  0.0
0.4891937170129119  1.0
0.4916472301562367  0.0
0.49166051793762  0.0
0.4132858662258606  1.0
0.48899109893474835  0.0
0.4890330738050201  0.0
0.4917138631442772  1.0
0.4916839041341985  0.0
0.4207015892945335  1.0
0.4915611939801037  1.0
0.4914862215673123  1.0
0.4916104501789139  0.0
0.48891028162087036  0.0
0.4941042622593408  0.0
0.494330613995396  0.0
0.4887619227629461  1.0
0.40557051475122174  0.0
0.49056419970613163  1.0
0.4916307626811566  1.0
0.4890516454544048  0.0
0.4941796173110075  1.0
0.4891601187927455  0.0
0.49177460381611954  1.0
0.49345614937799404  0.0
0.4941721446815244  1.0
0.49423342692924155  1.0
0.491711325924138  1.0
0.49172411404359867  0.0
0.49419144602828396  0.0
0.49151957091172005  0.0
0.3841217224101405  1.0
0.4941044611651674  1.0
0.49158214598905303  0.0
0.3764072553116803  0.0
0.4898764205474754  1.0
0.4916629315314438  1.0
0.4941792143061984  0.0
0.49389986635258576  1.0
0.4941215603687788  1.0
0.49403821337536813  1.0
0.4635853365435276  1.0
0.3816727106846231  1.0
0.49169478632026714  0.0
0.4942181671937739  0.0
0.4916420114825073  1.0
0.49341741195714783  0.0
0.48906469915537776  1.0
0.49347357149320525  0.0
0.47259940480235557  1.0
0.4916393370501893  0.0
0.49417180973513114  1.0
0.4916348529042466  0.0
0.4878206449871951  1.0
0.49425727551334764  1.0
0.49415843018856204  1.0
0.4940564863100128  0.0
0.4043418872143688  0.0
0.494253753273241  1.0
0.49359171758528536  1.0
0.48880297861125094  1.0
0.49338065202524994  0.0
0.49342985261311917  0.0
0.49152324646859363  0.0
0.4916100662265376  1.0
0.46509997747555226  0.0
0.4944692496246665  0.0
0.49175791134480495  1.0
0.46057800677685323  0.0
0.4915290152929609  0.0
0.4917872137694686  1.0
0.4944581984838705  0.0
0.49166338067812126  0.0
0.491666995757312  1.0
0.4241430119353561  0.0
0.4942560566426866  1.0
0.4916283194687791  0.0
0.49365560738764425  1.0
0.4916940131265297  0.0
0.4916380446629365  1.0
0.4915675239533501  0.0
0.49400751777839036  1.0
0.4916400158017851  0.0
0.49526519821890086  1.0
0.49418561417331397  0.0
0.48927933596301426  1.0
0.49160668778819394  0.0
0.4897600591796558  1.0
0.49184763056348996  1.0
0.48870495375345524  0.0
0.4937467144026873  1.0
0.49149546584534504  0.0
0.4941903484305257  1.0
0.37812168549758446  0.0
0.4915349459227387  0.0
0.49343872326657695  1.0
0.491682942508192  0.0
0.49419423059585693  1.0
0.48875561902904935  1.0
0.4941542401892183  1.0
0.4063715826854965  1.0
0.49159362223783654  0.0
0.49159515428669215  0.0
0.48934235740656234  1.0
0.49156190622585255  0.0
0.4942099819459789  0.0
0.49165850535962297  0.0
0.4916249527975588  1.0
0.4199528150705933  0.0
0.4917525818877335  0.0
0.48943784348276276  1.0
0.49175188275548287  1.0
0.4918140540946778  1.0
0.4934536003487348  0.0
0.4885418488360276  0.0
0.49332497428542105  1.0
0.4881028366673923  0.0
0.4916076045518999  0.0
0.48754637739708906  1.0
0.4937453118809244  1.0
0.49413735825223065  1.0
0.49166941674577863  0.0
0.49161972395722386  1.0
0.47846911681067034  0.0
0.3814132648802846  1.0
0.49164425323874955  0.0
0.49423583280818917  1.0
0.49414657995796474  1.0
0.49163662546969145  1.0
0.49176626428349773  1.0
0.49172014387562973  1.0
0.49338121922210787  1.0
0.4892433583028596  1.0
0.49342695214944793  1.0
0.4915658900750796  1.0
0.4917817882752356  1.0
0.4933788938194975  0.0
0.4871535284525487  1.0
0.48944632322730863  1.0
0.48796029885417946  0.0
0.4916221397694682  0.0
0.49388589066428756  0.0
0.4888702648056691  0.0
0.48777254747051063  1.0
0.49158454117381184  0.0
0.49150294224888313  0.0
0.48994515962574137  0.0
0.4896053166776724  0.0
0.4917340028530529  1.0
0.49415877406136227  0.0
0.49149332068286655  0.0
0.4881102415052693  1.0
0.4917946444971918  1.0
0.4915312372261022  0.0
0.488380129443529  0.0
0.4917458091024643  0.0
0.49165437137867685  0.0
0.49158568153165366  1.0
0.49157227877242593  0.0
0.4875580834010737  0.0
0.4917525034010198  1.0
0.4894515743444869  1.0
0.4943028005787481  0.0
0.4917751071363652  1.0
0.49349295759740874  0.0
0.493370428237477  0.0
0.48764808609347193  1.0
0.49160956951581347  0.0
0.48903600441107403  1.0
0.49416800514353737  1.0
0.4625588442161603  0.0
0.49160654902509254  0.0
0.4889351514051711  1.0
0.4891320612692862  0.0
0.4942589673499837  1.0
0.3808377644048551  0.0
0.48912098389994857  0.0
0.48902055833920055  0.0
0.49388606047503386  0.0
0.49411935780763117  1.0
0.4932380868781468  1.0
0.41045896778568947  1.0
0.4886516133089425  0.0
0.491848290396032  0.0
0.49159019673964677  0.0
0.49421671405777173  0.0
0.4916550072514925  0.0
0.4941059530144076  0.0
0.494629531577939  1.0
0.4940162355780005  1.0
0.49342737226318467  0.0
0.38025381912416345  1.0
0.4915912215781997  0.0
0.491681369261144  0.0
0.4935753305712839  1.0
0.49384622851025056  1.0
0.376973560945338  1.0
0.38358796377785226  1.0
0.49174705674481795  1.0
0.49167385468339514  0.0
0.49423464046163423  0.0
0.49165438556296076  0.0
0.4916527985995189  1.0
0.4917240376521449  1.0
0.48906925504338855  1.0
0.4875171541904331  1.0
0.4918305838195976  1.0
0.49357990329974105  1.0
0.48943234252755674  0.0
0.4916999904712569  1.0
0.4328240679180253  1.0
0.4916385118884342  0.0
0.49150246994638924  0.0
0.4940076547950281  1.0
0.4916285702756591  1.0
0.49158769887973086  0.0
0.4938418912300418  1.0
0.4938261273349384  1.0
0.48928504206813633  0.0
0.49179037616495563  1.0
0.4934736209064381  1.0
0.48758166504598927  1.0
0.4917050281900139  1.0
0.37547401728622504  0.0
0.3818931793971296  0.0
0.49169826072093037  1.0
0.49414356058784503  0.0
0.4888152295281873  0.0
0.4917440399172137  1.0
0.4916112284869068  0.0
0.40754627495092766  0.0
0.49359480185015464  1.0
0.4916691116597227  1.0
0.46022362035487774  0.0
0.4890341309685383  1.0
0.4934347530575718  1.0
0.4941936085950401  1.0
0.4874764158700019  1.0
0.4917825675229201  1.0
0.49065059971507663  1.0
0.4942130307564532  0.0
0.49343019401023913  1.0
0.48940614881290556  0.0
0.4941185119001094  1.0
0.4918027255098602  1.0
0.4886355915097543  1.0
0.48729429847820993  0.0
0.38244731573251817  1.0
0.49015408335565763  1.0
0.49158906705273797  0.0
0.48744008505084224  1.0
0.48255580313755253  0.0
0.4916432421206689  1.0
0.49155994533702235  0.0
0.48932032164285805  1.0
0.48876541058867107  1.0
0.49415793879565834  0.0
0.49162755189450785  0.0
0.49395526286595226  1.0
0.48918775387732294  0.0
0.4889618760871574  0.0
0.4874422434717258  0.0
0.3785596435463431  0.0
0.4942139386415285  0.0
0.4881175982320947  1.0
0.489117253397447  0.0
0.49155602546484295  0.0
0.49158428640158636  0.0
0.48797583111972354  1.0
0.4916825178708649  0.0
0.49175495138350694  0.0
0.49173924500085187  1.0
0.49412474476085344  0.0
0.48772077603791913  0.0
0.4916366423697391  0.0
0.4935279124766464  1.0
0.491669336715896  0.0
0.488557543671186  1.0
0.4879085836172085  1.0
0.49174375768641154  1.0
0.4935860781247277  1.0
0.3803707209661585  1.0
0.4938810559374339  0.0
0.48760262934160925  1.0
0.42652075271957424  0.0
0.49345005520080987  1.0
0.488542209676643  0.0
0.4895629566704663  1.0
0.49306106635004077  1.0
0.4936278082563923  0.0
0.491613749970636  0.0
0.4942103166151839  1.0
0.4916771113041642  1.0
0.3899286746272268  1.0
0.4655117738654188  1.0
0.49409321816453317  1.0
0.39958216219648846  1.0
0.493635280277757  1.0
0.48996459682719423  1.0
0.3794794199396845  1.0
0.4942182846599824  0.0
0.44578146092794996  1.0
0.4916705593970959  1.0
0.4916296898870026  0.0
0.49414813669588964  0.0
0.4916692293277411  1.0
0.4921293601584949  0.0
0.3792171722525557  1.0
0.49160950454035574  0.0
0.49161956659415446  0.0
0.37447352072278556  1.0
0.377632716786712  1.0
0.49209399108052054  1.0
0.4916065967802483  1.0
0.4917426634737335  1.0
0.488638489284953  1.0
0.37692748158131073  0.0
0.49422498067514803  0.0
0.4866147851036508  0.0
0.4914999226184995  0.0
0.4934369312987415  0.0
0.4938790256951581  0.0
0.491691378149546  0.0
0.4889994443728316  1.0
0.49424635374705533  0.0
0.4942184909595851  0.0
0.4916633487468477  1.0
0.49350232380276526  1.0
0.4941412823248255  0.0
0.49167430600269263  0.0
0.3779337220091996  1.0
0.49164048793003867  0.0
0.3802073712906598  0.0
0.4874863468434275  1.0
0.4941057043274414  0.0
0.4891175392043622  1.0
0.49165748265205855  0.0
0.4938827115442854  1.0
0.4084064891365638  0.0
0.2895778995688724  1.0
0.4927992820651404  1.0
0.48883786064692347  1.0
0.4942028342239667  1.0
0.4938814796515182  0.0
0.4917339802403697  1.0
0.488781072839949  1.0
0.49219125461250535  1.0
0.4916309880900514  0.0
0.4917115731206445  0.0
0.4869640353423712  1.0
0.49162966500262706  0.0
0.27947722529016744  1.0
0.49166519555922683  0.0
0.4942011917896606  0.0
0.49182085032124595  1.0
0.49158874744284853  0.0
0.2871372745808838  1.0
0.4916413751615073  0.0
0.48900817189956136  1.0
0.48893437846229776  0.0
0.3826093484309591  1.0
0.4916210289568963  0.0
0.49359897497294225  1.0
0.49029686737287403  1.0
0.4884011018923124  1.0
0.48779557726875333  0.0
0.41085075858482256  1.0
0.49032734521731314  1.0
0.49144921669573377  0.0
0.46126084444675813  1.0
0.491709563527234  0.0
0.4935819379064393  1.0
0.49150201984108455  0.0
0.49193438831065794  1.0
0.49427407542470614  0.0
0.4875305277554074  1.0
0.4941988754722545  1.0
0.4917055757271945  1.0
0.4941362035078123  1.0
0.49392831999089504  1.0
0.4917988409939358  1.0
0.4941324077757934  1.0
0.4916861717082198  1.0
0.49169203050335736  1.0
0.286201800400848  0.0
0.48843324607352634  0.0
0.4916421602965924  0.0
0.4887315150183472  0.0
0.4916019666625059  0.0
0.48809430770195894  1.0
0.38257411161771715  1.0
0.4934335941600083  0.0
0.4917021925502855  0.0
0.49156356754321406  1.0
0.49166437361483134  1.0
0.4916057092099619  0.0
0.48927915487716606  0.0
0.49168039208283715  0.0
0.4889587360575785  1.0
0.4940774061827069  1.0
0.4063739618880539  1.0
0.49347739332302454  1.0
0.4935710508470577  0.0
0.49358473553120735  1.0
0.49152491609207477  0.0
0.4634458467771181  1.0
0.49166276681374743  0.0
0.4916949453946465  1.0
0.4880978926242138  1.0
0.49318059056496394  1.0
0.49342350127701035  1.0
0.4941113194979603  1.0
0.4662962831714074  0.0
0.4916492941266561  0.0
0.4918204235053746  1.0
0.4942140744850854  1.0
0.4941985423247831  1.0
0.4182533730128423  0.0
0.4915833612485073  0.0
0.49422305599311467  0.0
0.4032686777564699  0.0
0.49161061232139924  0.0
0.494196500497717  0.0
0.4916667164892166  0.0
0.4072028146501402  0.0
0.4916709175563205  0.0
0.49182568567891927  1.0
0.4874763138735676  1.0
0.49145665065886646  0.0
0.4886197333969  0.0
0.49342284144324355  0.0
0.493900453019812  1.0
0.491691468904234  1.0
0.38111578820634684  1.0
0.49417485192759003  1.0
0.4916743289071938  0.0
0.38213412491193344  1.0
0.4906372282239015  1.0
0.49415487931601293  1.0
0.4915849442784195  0.0
0.4918539706065065  1.0
0.4931984604714687  1.0
0.4935625578169543  1.0
0.49417067331007847  1.0
0.49019815781166287  0.0
0.4915467676579796  0.0
0.49421430930736127  0.0
0.4941364315315112  1.0
0.4942463893904634  1.0
0.48892654310995826  0.0
0.43764787450002823  1.0
0.48789595552518067  1.0
0.4874217341795659  0.0
0.4885334614494591  0.0
0.4941957294883221  1.0
0.4917499823504148  0.0
0.49181601051607476  1.0
0.4939282008206102  1.0
0.49152737040648703  0.0
0.48729329885056466  1.0
0.49160300041338595  0.0
0.4916670557798681  0.0
0.49159630248173664  0.0
0.49422222321512427  1.0
0.4873475396394189  0.0
0.4891682618565129  1.0
0.4916150877821167  1.0
0.49171577177353204  0.0
0.4914776238213874  0.0
0.4916484048733814  0.0
0.494127395444726  0.0
0.4685275726289317  1.0
0.4916464049279211  0.0
0.4915931730033315  0.0
0.4941611088867415  0.0
0.4938870383815073  1.0
0.4915072708589359  1.0
0.4916533835332729  0.0
0.491641519538343  0.0
0.49163096415932056  0.0
0.49158415501852337  0.0
0.4916471471533527  0.0
0.4891459298536459  1.0
0.48908980114301626  0.0
0.48960248994633115  1.0
0.48928570010398553  1.0
0.4915675423488176  0.0
0.4915929815156575  0.0
0.49415843134522863  0.0
0.49166096646959767  1.0
0.49169509616820584  0.0
0.4916092421639059  1.0
0.4914926697260948  0.0
0.49317051624369973  1.0
0.47941474446973964  1.0
0.4902239093779057  1.0
0.4916410622475231  1.0
0.38231164640330506  1.0
0.49359433911095746  1.0
0.4915790133797732  0.0
0.4918199169348315  1.0
0.4942311469933255  0.0
0.4942835088253598  0.0
0.494183938507915  1.0
0.4917014225210817  1.0
0.48956038214793285  1.0
0.4934683088899187  1.0
0.4941099532275517  0.0
0.4933926240705173  0.0
0.49166441046219084  0.0
0.49416502283475955  1.0
0.49348475257109825  0.0
0.4895583438973094  1.0
0.4888419467904362  0.0
0.4915782873615769  1.0
0.49161376620401714  0.0
0.4863915126702171  0.0
0.48886661252262853  0.0
0.49419028335624243  1.0
0.489539122212503  0.0
0.4916244501602312  1.0
0.4921780197200402  1.0
0.4891090701973515  0.0
0.49165829812704354  1.0
0.48950305248746123  0.0
0.4916239394189886  1.0
0.4916734791250543  1.0
0.4934363320863778  1.0
0.491677262766113  1.0
0.4935874658887161  1.0
0.49178652515838905  1.0
0.4916075625305352  0.0
0.3780547846533444  0.0
0.4916550177848586  0.0
0.4888792369200063  0.0
0.49158770123734635  0.0
0.4314114929754925  0.0
0.49388440721511667  1.0
0.49414128313155553  0.0
0.4351531874370796  1.0
0.4934845327645127  1.0
0.49434260393572393  0.0
0.49174730416399826  0.0
0.48962004805795933  1.0
0.4916073555794988  0.0
0.4892316947678403  1.0
0.48744349927257313  0.0
0.48753470385485786  1.0
0.4935821914221696  1.0
0.48917915495076575  0.0
0.48872575147511454  0.0
0.4895663541508587  1.0
0.49157459372194706  0.0
0.4916593225213042  0.0
0.48881930315233996  1.0
0.4888641590899292  0.0
0.48927718942229126  1.0
0.4916813219948409  0.0
0.492591146889302  1.0
0.49165317976325124  0.0
0.4941510439549479  1.0
0.49167557634738746  0.0
0.4916740295487549  0.0
0.49167782421593886  0.0
0.48935121087777045  0.0
0.4941300217500872  0.0
0.49411537449030785  1.0
0.4941758404316901  0.0
0.4880875884375379  0.0
0.49162544612401526  0.0
0.4879139445019745  1.0
0.48944114215183965  1.0
0.43090984289915296  0.0
0.49162355939634456  0.0
0.48904898184400414  0.0
0.4940669285338508  1.0
0.48778014291364374  1.0
0.4942467318019571  1.0
